# This file was auto-generated from "windows-10005-2000.ucm"
# by "codepage-parser.pwn", (c) MPL 1.1, Alex "Y_Less" Cole, 2022.
#
# Lines with a single number denote bytes that are followed by a second byte to
# create a DCBS pair.
#
# Lines with two numbers are byte sequence to unicode equivalent.

# DBCS Lead Bytes

# Single Byte Codes
1 1
2 2
3 3
4 4
5 5
6 6
7 7
8 8
9 9
10 10
11 11
12 12
13 13
14 14
15 15
16 16
17 17
18 18
19 19
20 20
21 21
22 22
23 23
24 24
25 25
26 26
27 27
28 28
29 29
30 30
31 31
32 32
33 33
34 34
35 35
36 36
37 37
38 38
39 39
40 40
41 41
42 42
43 43
44 44
45 45
46 46
47 47
48 48
49 49
50 50
51 51
52 52
53 53
54 54
55 55
56 56
57 57
58 58
59 59
60 60
61 61
62 62
63 63
64 64
65 65
66 66
67 67
68 68
69 69
70 70
71 71
72 72
73 73
74 74
75 75
76 76
77 77
78 78
79 79
80 80
81 81
82 82
83 83
84 84
85 85
86 86
87 87
88 88
89 89
90 90
91 91
92 92
93 93
94 94
95 95
96 96
97 97
98 98
99 99
100 100
101 101
102 102
103 103
104 104
105 105
106 106
107 107
108 108
109 109
110 110
111 111
112 112
113 113
114 114
115 115
116 116
117 117
118 118
119 119
120 120
121 121
122 122
123 123
124 124
125 125
126 126
127 127
128 196
129 197
130 199
131 201
132 209
133 214
134 220
135 225
136 224
137 226
138 228
139 227
140 229
141 231
142 233
143 232
144 234
145 235
146 237
147 236
148 238
149 239
150 241
151 243
152 242
153 244
154 246
155 245
156 250
157 249
158 251
159 252
160 63484
161 63485
162 63486
163 63487
164 164
165 63488
166 8362
167 63489
168 63490
169 63491
170 63492
171 63493
172 63494
173 63495
174 63496
175 63497
176 63498
177 63499
178 63500
179 63501
180 63502
181 63503
182 63504
183 63505
184 63506
185 63507
186 63508
187 63509
188 63510
189 63511
190 63512
191 63513
192 63514
193 8222
194 63515
195 63516
196 63517
197 1469
198 1468
199 63518
200 63519
201 8230
202 160
204 1463
205 1461
206 1462
207 1460
208 8211
209 8212
210 8220
211 8221
212 8216
213 8217
214 63520
215 63521
216 1470
217 1456
218 1458
219 1457
220 1467
221 1473
222 1464
223 1459
224 1488
225 1489
226 1490
227 1491
228 1492
229 1493
230 1494
231 1495
232 1496
233 1497
234 1498
235 1499
236 1500
237 1501
238 1502
239 1503
240 1504
241 1505
242 1506
243 1507
244 1508
245 1509
246 1510
247 1511
248 1512
249 1513
250 1514
251 63522
252 63523
253 63524
254 63525
255 63526

# Double Byte Codes
