# This file was auto-generated from "windows-1258_db-2013.ucm"
# by "codepage-parser.pwn", (c) MPL 1.1, Alex "Y_Less" Cole, 2022.
#
# Lines with a single number denote bytes that are followed by a second byte to
# create a DCBS pair.
#
# Lines with two numbers are byte sequence to unicode equivalent.

# DBCS Lead Bytes
65
69
73
79
85
89
97
101
105
111
117
121
194
195
202
212
213
221
226
227
234
244
245
253

# Single Byte Codes

# Double Byte Codes
16850 7842
16862 195
16882 7840
17874 7866
17886 7868
17906 7864
18892 204
18898 7880
18910 296
18930 7882
20428 210
20434 7886
20446 213
20466 7884
21970 7910
21982 360
22002 7908
22988 7922
22994 7926
23006 7928
23026 7924
25042 7843
25054 227
25074 7841
26066 7867
26078 7869
26098 7865
27084 236
27090 7881
27102 297
27122 7883
28620 242
28626 7887
28638 245
28658 7885
30162 7911
30174 361
30194 7909
31180 7923
31186 7927
31198 7929
31218 7925
49868 7846
49874 7848
49886 7850
49900 7844
49906 7852
50124 7856
50130 7858
50142 7860
50156 7854
50162 7862
51916 7872
51922 7874
51934 7876
51948 7870
51954 7878
54476 7890
54482 7892
54494 7894
54508 7888
54514 7896
54732 7900
54738 7902
54750 7904
54764 7898
54770 7906
56780 7914
56786 7916
56798 7918
56812 7912
56818 7920
58060 7847
58066 7849
58078 7851
58092 7845
58098 7853
58316 7857
58322 7859
58334 7861
58348 7855
58354 7863
60108 7873
60114 7875
60126 7877
60140 7871
60146 7879
62668 7891
62674 7893
62686 7895
62700 7889
62706 7897
62924 7901
62930 7903
62942 7905
62956 7899
62962 7907
64972 7915
64978 7917
64990 7919
65004 7913
65010 7921
