# This file was auto-generated from "windows-20269-2000.ucm"
# by "codepage-parser.pwn", (c) MPL 1.1, Alex "Y_Less" Cole, 2022.
#
# Lines with a single number denote bytes that are followed by a second byte to
# create a DCBS pair.
#
# Lines with two numbers are byte sequence to unicode equivalent.

# DBCS Lead Bytes

# Single Byte Codes
1 1
2 2
3 3
4 4
5 5
6 6
7 7
8 8
9 9
10 10
11 11
12 12
13 13
14 14
15 15
16 16
17 17
18 18
19 19
20 20
21 21
22 22
23 23
24 24
25 25
26 26
27 27
28 28
29 29
30 30
31 31
32 32
33 33
34 34
37 37
38 38
39 39
40 40
41 41
42 42
43 43
44 44
45 45
46 46
47 47
48 48
49 49
50 50
51 51
52 52
53 53
54 54
55 55
56 56
57 57
58 58
59 59
60 60
61 61
62 62
63 63
64 64
65 65
66 66
67 67
68 68
69 69
70 70
71 71
72 72
73 73
74 74
75 75
76 76
77 77
78 78
79 79
80 80
81 81
82 82
83 83
84 84
85 85
86 86
87 87
88 88
89 89
90 90
91 91
92 92
93 93
95 95
97 97
98 98
99 99
100 100
101 101
102 102
103 103
104 104
105 105
106 106
107 107
108 108
109 109
110 110
111 111
112 112
113 113
114 114
115 115
116 116
117 117
118 118
119 119
120 120
121 121
122 122
123 123
124 124
125 125
127 63734
128 128
129 129
130 130
131 131
132 132
133 133
134 134
135 135
136 136
137 137
138 138
139 139
140 140
141 141
142 142
143 143
144 144
145 145
146 146
147 147
148 148
149 149
150 150
151 151
152 152
153 153
154 154
155 155
156 156
157 157
160 160
161 161
162 162
163 163
164 36
165 165
166 35
167 167
168 164
169 8216
170 8220
171 171
172 8592
173 8593
174 8594
175 8595
176 176
177 177
178 178
179 179
180 215
181 181
182 182
183 183
184 247
185 8217
186 8221
187 187
188 188
189 189
190 63735
191 191
193 96
194 180
195 94
196 126
197 175
198 774
199 63736
200 776
202 778
203 807
204 818
205 779
206 808
207 780
208 8213
209 185
210 174
211 169
212 8482
213 9833
214 63737
215 63738
216 63739
217 63740
220 8539
221 8540
222 8541
223 8542
224 8486
225 198
226 208
227 63741
228 294
230 306
231 319
232 321
233 216
234 338
235 186
236 222
237 358
238 330
239 329
240 312
241 230
242 273
243 240
244 295
245 305
246 307
247 320
248 322
249 248
250 339
251 223
252 254
253 359
254 63742
255 63743

# Double Byte Codes
