# This file was auto-generated from "windows-852-2000.ucm"
# by "codepage-parser.pwn", (c) MPL 1.1, Alex "Y_Less" Cole, 2022.
#
# Lines with a single number denote bytes that are followed by a second byte to
# create a DCBS pair.
#
# Lines with two numbers are byte sequence to unicode equivalent.

# DBCS Lead Bytes

# Single Byte Codes
1 1
2 2
3 3
4 4
5 5
6 6
7 7
8 8
9 9
10 10
11 11
12 12
13 13
14 14
15 15
16 16
17 17
18 18
19 19
20 20
21 21
22 22
23 23
24 24
25 25
26 26
27 27
28 28
29 29
30 30
31 31
32 32
33 33
34 34
35 35
36 36
37 37
38 38
39 39
40 40
41 41
42 42
43 43
44 44
45 45
46 46
47 47
48 48
49 49
50 50
51 51
52 52
53 53
54 54
55 55
56 56
57 57
58 58
59 59
60 60
61 61
62 62
63 63
64 64
65 65
66 66
67 67
68 68
69 69
70 70
71 71
72 72
73 73
74 74
75 75
76 76
77 77
78 78
79 79
80 80
81 81
82 82
83 83
84 84
85 85
86 86
87 87
88 88
89 89
90 90
91 91
92 92
93 93
94 94
95 95
96 96
97 97
98 98
99 99
100 100
101 101
102 102
103 103
104 104
105 105
106 106
107 107
108 108
109 109
110 110
111 111
112 112
113 113
114 114
115 115
116 116
117 117
118 118
119 119
120 120
121 121
122 122
123 123
124 124
125 125
126 126
127 127
128 199
129 252
130 233
131 226
132 228
133 367
134 263
135 231
136 322
137 235
138 336
139 337
140 238
141 377
142 196
143 262
144 201
145 313
146 314
147 244
148 246
149 317
150 318
151 346
152 347
153 214
154 220
155 356
156 357
157 321
158 215
159 269
160 225
161 237
162 243
163 250
164 260
165 261
166 381
167 382
168 280
169 281
170 172
171 378
172 268
173 351
174 171
175 187
176 9617
177 9618
178 9619
179 9474
180 9508
181 193
182 194
183 282
184 350
185 9571
186 9553
187 9559
188 9565
189 379
190 380
191 9488
192 9492
193 9524
194 9516
195 9500
196 9472
197 9532
198 258
199 259
200 9562
201 9556
202 9577
203 9574
204 9568
205 9552
206 9580
207 164
208 273
209 272
210 270
211 203
212 271
213 327
214 205
215 206
216 283
217 9496
218 9484
219 9608
220 9604
221 354
222 366
223 9600
224 211
225 223
226 212
227 323
228 324
229 328
230 352
231 353
232 340
233 218
234 341
235 368
236 253
237 221
238 355
239 180
240 173
241 733
242 731
243 711
244 728
245 167
246 247
247 184
248 176
249 168
250 729
251 369
252 344
253 345
254 9632
255 160

# Double Byte Codes
