# This file was auto-generated from "aix-CNS11643.1986_2-4.3.6.ucm"
# by "codepage-parser.pwn", (c) MPL 1.1, Alex "Y_Less" Cole, 2022.
#
# Lines with a single number denote bytes that are followed by a second byte to
# create a DCBS pair.
#
# Lines with two numbers are byte sequence to unicode equivalent.

# DBCS Lead Bytes
33
34
35
36
37
38
39
40
41
42
43
44
45
46
47
48
49
50
51
52
53
54
55
56
57
58
59
60
61
62
63
64
65
66
67
68
69
70
71
72
73
74
75
76
77
78
79
80
81
82
83
84
85
86
87
88
89
90
91
92
93
94
95
96
97
98
99
100
101
102
103
104
105
106
107
108
109
110
111
112
113
114

# Single Byte Codes

# Double Byte Codes
8481 20034
8482 20060
8483 20981
8484 21274
8485 21378
8486 19975
8487 19980
8488 20039
8489 20109
8490 22231
8491 23662
8492 24435
8493 19983
8494 20871
8495 19982
8496 20014
8497 20115
8498 20162
8499 20169
8500 20168
8501 20888
8502 21244
8503 21356
8504 21433
8505 22304
8506 22787
8507 22828
8508 23568
8509 24063
8510 26081
8511 27571
8512 27596
8513 27668
8514 29247
8515 20017
8516 20028
8517 20200
8518 20188
8519 20201
8520 20193
8521 20189
8522 20186
8523 21004
8524 21001
8525 21276
8526 21324
8527 22306
8528 22307
8529 22807
8530 22831
8531 23425
8532 23428
8533 23570
8534 23611
8535 23668
8536 23667
8537 24068
8538 24192
8539 24194
8540 24521
8541 25097
8542 25168
8543 27669
8544 27702
8545 27715
8546 27711
8547 27707
8548 29358
8549 29360
8550 29578
8551 31160
8552 32906
8553 38430
8554 20238
8555 20248
8556 20268
8557 20213
8558 20244
8559 20209
8560 20224
8561 20215
8562 20232
8563 20253
8564 20226
8565 20229
8566 20258
8567 20243
8568 20228
8569 20212
8570 20242
8571 20913
8572 21011
8573 21008
8574 21158
8737 21282
8738 21279
8739 21325
8740 21386
8741 21511
8742 22241
8743 22239
8744 22318
8745 22314
8746 22324
8747 22844
8748 22912
8749 22908
8750 22917
8751 22907
8752 22910
8753 22903
8754 22911
8755 23382
8756 23573
8757 23589
8758 23676
8759 23674
8760 23675
8761 23678
8762 24031
8763 24181
8764 24196
8765 24322
8766 24346
8767 24436
8768 24533
8769 24532
8770 24527
8771 25180
8772 25182
8773 25188
8774 25185
8775 25190
8776 25186
8777 25177
8778 25184
8779 25178
8780 25189
8781 25911
8782 26095
8783 26094
8784 26430
8785 26425
8786 26424
8787 26427
8788 26426
8789 26431
8790 26428
8791 26419
8792 27672
8793 27718
8794 27730
8795 27740
8796 27727
8797 27722
8798 27732
8799 27723
8800 27724
8801 28785
8802 29278
8803 29364
8804 29365
8805 29582
8806 29994
8807 30335
8808 31349
8809 32593
8810 33400
8811 33404
8812 33408
8813 33405
8814 33407
8815 34381
8816 35198
8817 37017
8818 37015
8819 37016
8820 37019
8821 37012
8822 38434
8823 38436
8824 38432
8825 38435
8826 20310
8827 20283
8828 20322
8829 20297
8830 20307
8993 20324
8994 20286
8995 20327
8996 20306
8997 20319
8998 20289
8999 20312
9000 20269
9001 20275
9002 20287
9003 20321
9004 20879
9005 20921
9006 21020
9007 21022
9008 21025
9009 21165
9010 21166
9011 21257
9012 21347
9013 21362
9014 21390
9015 21391
9016 21552
9017 21559
9018 21546
9019 21588
9020 21573
9021 21529
9022 21532
9023 21541
9024 21528
9025 21565
9026 21583
9027 21569
9028 21544
9029 21540
9030 21575
9031 22254
9032 22247
9033 22245
9034 22337
9035 22341
9036 22348
9037 22345
9038 22347
9039 22354
9040 22790
9041 22848
9042 22950
9043 22936
9044 22944
9045 22935
9046 22926
9047 22946
9048 22928
9049 22927
9050 22951
9051 22945
9052 23438
9053 23442
9054 23592
9055 23594
9056 23693
9057 23695
9058 23688
9059 23691
9060 23689
9061 23698
9062 23690
9063 23686
9064 23699
9065 23701
9066 24032
9067 24074
9068 24078
9069 24203
9070 24201
9071 24204
9072 24200
9073 24205
9074 24325
9075 24349
9076 24440
9077 24438
9078 24530
9079 24529
9080 24528
9081 24557
9082 24552
9083 24558
9084 24563
9085 24545
9086 24548
9249 24547
9250 24570
9251 24559
9252 24567
9253 24571
9254 24576
9255 24564
9256 25146
9257 25219
9258 25228
9259 25230
9260 25231
9261 25236
9262 25223
9263 25201
9264 25211
9265 25210
9266 25200
9267 25217
9268 25224
9269 25207
9270 25213
9271 25202
9272 25204
9273 26096
9274 26100
9275 26099
9276 26098
9277 26101
9278 26437
9279 26439
9280 26457
9281 26453
9282 26444
9283 26440
9284 26461
9285 26445
9286 26458
9287 26443
9288 27600
9289 27673
9290 27674
9291 27768
9292 27751
9293 27755
9294 27780
9295 27787
9296 27791
9297 27761
9298 27759
9299 27753
9300 27802
9301 27757
9302 27783
9303 27797
9304 27804
9305 27750
9306 27763
9307 27749
9308 27771
9309 27790
9310 28788
9311 28794
9312 29283
9313 29375
9314 29373
9315 29379
9316 29382
9317 29377
9318 29370
9319 29381
9320 29589
9321 29591
9322 29587
9323 29588
9324 29586
9325 30010
9326 30009
9327 30100
9328 30101
9329 30337
9330 31037
9331 32820
9332 32917
9333 32921
9334 32912
9335 32914
9336 32924
9337 33424
9338 33423
9339 33413
9340 33422
9341 33425
9342 33427
9505 33418
9506 33411
9507 33412
9508 35960
9509 36809
9510 36799
9511 37023
9512 37025
9513 37029
9514 37022
9515 37031
9516 37024
9517 38448
9518 38440
9519 38447
9520 38445
9521 20019
9522 20376
9523 20348
9524 20357
9525 20349
9526 20352
9527 20359
9528 20342
9529 20340
9530 20361
9531 20356
9532 20343
9533 20300
9534 20375
9535 20330
9536 20378
9537 20345
9538 20353
9539 20344
9540 20368
9541 20380
9542 20372
9543 20382
9544 20370
9545 20354
9546 20373
9547 20331
9548 20334
9549 20894
9550 20924
9551 20926
9552 21045
9553 21042
9554 21043
9555 21062
9556 21041
9557 21180
9558 21258
9559 21259
9560 21308
9561 21394
9562 21396
9563 21639
9564 21631
9565 21633
9566 21649
9567 21634
9568 21640
9569 21611
9570 21626
9571 21630
9572 21605
9573 21612
9574 21620
9575 21606
9576 21645
9577 21615
9578 21601
9579 21600
9580 21656
9581 21603
9582 21607
9583 21604
9584 22263
9585 22265
9586 22383
9587 22386
9588 22381
9589 22379
9590 22385
9591 22384
9592 22390
9593 22400
9594 22389
9595 22395
9596 22387
9597 22388
9598 22370
9761 22376
9762 22397
9763 22796
9764 22853
9765 22965
9766 22970
9767 22991
9768 22990
9769 22962
9770 22988
9771 22977
9772 22966
9773 22972
9774 22979
9775 22998
9776 22961
9777 22973
9778 22976
9779 22984
9780 22964
9781 22983
9782 23394
9783 23397
9784 23443
9785 23445
9786 23620
9787 23623
9788 23726
9789 23716
9790 23712
9791 23733
9792 23727
9793 23720
9794 23724
9795 23711
9796 23715
9797 23725
9798 23714
9799 23722
9800 23719
9801 23709
9802 23717
9803 23734
9804 23728
9805 23718
9806 24087
9807 24084
9808 24089
9809 24360
9810 24354
9811 24355
9812 24356
9813 24404
9814 24450
9815 24446
9816 24445
9817 24542
9818 24549
9819 24621
9820 24614
9821 24601
9822 24626
9823 24587
9824 24628
9825 24586
9826 24599
9827 24627
9828 24602
9829 24606
9830 24620
9831 24610
9832 24589
9833 24592
9834 24622
9835 24595
9836 24593
9837 24588
9838 24585
9839 24604
9840 25108
9841 25149
9842 25261
9843 25268
9844 25297
9845 25278
9846 25258
9847 25270
9848 25290
9849 25262
9850 25267
9851 25263
9852 25275
9853 25257
9854 25264
10017 25272
10018 25917
10019 26024
10020 26043
10021 26121
10022 26108
10023 26116
10024 26130
10025 26120
10026 26107
10027 26115
10028 26123
10029 26125
10030 26117
10031 26109
10032 26129
10033 26128
10034 26358
10035 26378
10036 26501
10037 26476
10038 26510
10039 26514
10040 26486
10041 26491
10042 26520
10043 26502
10044 26500
10045 26484
10046 26509
10047 26508
10048 26490
10049 26527
10050 26513
10051 26521
10052 26499
10053 26493
10054 26497
10055 26488
10056 26489
10057 26516
10058 27429
10059 27520
10060 27518
10061 27614
10062 27677
10063 27795
10064 27884
10065 27883
10066 27886
10067 27865
10068 27830
10069 27860
10070 27821
10071 27879
10072 27831
10073 27856
10074 27842
10075 27834
10076 27843
10077 27846
10078 27885
10079 27890
10080 27858
10081 27869
10082 27828
10083 27786
10084 27805
10085 27776
10086 27870
10087 27840
10088 27952
10089 27853
10090 27847
10091 27824
10092 27897
10093 27855
10094 27881
10095 27857
10096 28820
10097 28824
10098 28805
10099 28819
10100 28806
10101 28804
10102 28817
10103 28822
10104 28802
10105 28826
10106 28803
10107 29290
10108 29398
10109 29387
10110 29400
10273 29385
10274 29404
10275 29394
10276 29396
10277 29402
10278 29388
10279 29393
10280 29604
10281 29601
10282 29613
10283 29606
10284 29602
10285 29600
10286 29612
10287 29597
10288 29917
10289 29928
10290 30015
10291 30016
10292 30014
10293 30092
10294 30104
10295 30383
10296 30451
10297 30449
10298 30448
10299 30453
10300 30712
10301 30716
10302 30713
10303 30715
10304 30714
10305 30711
10306 31042
10307 31039
10308 31173
10309 31352
10310 31355
10311 31483
10312 31861
10313 31997
10314 32821
10315 32911
10316 32942
10317 32931
10318 32952
10319 32949
10320 32941
10321 33312
10322 33440
10323 33472
10324 33451
10325 33434
10326 33432
10327 33435
10328 33461
10329 33447
10330 33454
10331 33468
10332 33438
10333 33466
10334 33460
10335 33448
10336 33441
10337 33449
10338 33474
10339 33444
10340 33475
10341 33462
10342 33442
10343 34416
10344 34415
10345 34413
10346 34414
10347 35926
10348 36818
10349 36811
10350 36819
10351 36813
10352 36822
10353 36821
10354 36823
10355 37042
10356 37044
10357 37039
10358 37043
10359 37040
10360 38457
10361 38461
10362 38460
10363 38458
10364 38467
10365 20429
10366 20421
10529 20435
10530 20402
10531 20425
10532 20427
10533 20417
10534 20436
10535 20444
10536 20441
10537 20411
10538 20403
10539 20443
10540 20423
10541 20438
10542 20410
10543 20416
10544 20409
10545 20460
10546 21060
10547 21065
10548 21184
10549 21186
10550 21309
10551 21372
10552 21399
10553 21398
10554 21401
10555 21400
10556 21690
10557 21665
10558 21677
10559 21669
10560 21711
10561 21699
10562 33549
10563 21687
10564 21678
10565 21718
10566 21686
10567 21701
10568 21702
10569 21664
10570 21616
10571 21692
10572 21666
10573 21694
10574 21618
10575 21726
10576 21680
10577 22453
10578 22430
10579 22431
10580 22436
10581 22412
10582 22423
10583 22429
10584 22427
10585 22420
10586 22424
10587 22415
10588 22425
10589 22437
10590 22426
10591 22421
10592 22772
10593 22797
10594 22867
10595 23009
10596 23006
10597 23022
10598 23040
10599 23025
10600 23005
10601 23034
10602 23037
10603 23036
10604 23030
10605 23012
10606 23026
10607 23031
10608 23003
10609 23017
10610 23027
10611 23029
10612 23008
10613 23038
10614 23028
10615 23021
10616 23464
10617 23628
10618 23760
10619 23768
10620 23756
10621 23767
10622 23755
10785 23771
10786 23774
10787 23770
10788 23753
10789 23751
10790 23754
10791 23766
10792 23763
10793 23764
10794 23759
10795 23752
10796 23750
10797 23758
10798 23775
10799 23800
10800 24057
10801 24097
10802 24098
10803 24099
10804 24096
10805 24100
10806 24240
10807 24228
10808 24226
10809 24219
10810 24227
10811 24229
10812 24327
10813 24366
10814 24406
10815 24454
10816 24631
10817 24633
10818 24660
10819 24690
10820 24670
10821 24645
10822 24659
10823 24647
10824 24649
10825 24667
10826 24652
10827 24640
10828 24642
10829 24671
10830 24612
10831 24644
10832 24664
10833 24678
10834 24686
10835 25154
10836 25155
10837 25295
10838 25357
10839 25355
10840 25333
10841 25358
10842 25347
10843 25323
10844 25337
10845 25359
10846 25356
10847 25336
10848 25334
10849 25344
10850 25363
10851 25364
10852 25338
10853 25365
10854 25339
10855 25328
10856 25921
10857 25923
10858 26026
10859 26047
10860 26166
10861 26145
10862 26162
10863 26165
10864 26140
10865 26150
10866 26146
10867 26163
10868 26155
10869 26170
10870 26141
10871 26164
10872 26169
10873 26158
10874 26383
10875 26384
10876 26561
10877 26610
10878 26568
11041 26554
11042 26588
11043 26555
11044 26616
11045 26584
11046 26560
11047 26551
11048 26565
11049 26603
11050 26596
11051 26591
11052 26549
11053 26573
11054 26547
11055 26615
11056 26614
11057 26606
11058 26595
11059 26562
11060 26553
11061 26574
11062 26599
11063 26608
11064 26546
11065 26620
11066 26566
11067 26605
11068 26572
11069 26542
11070 26598
11071 26587
11072 26618
11073 26569
11074 26570
11075 26563
11076 26602
11077 26571
11078 27432
11079 27522
11080 27524
11081 27574
11082 27606
11083 27608
11084 27616
11085 27680
11086 27681
11087 27944
11088 27956
11089 27949
11090 27935
11091 27964
11092 27967
11093 27922
11094 27914
11095 27866
11096 27955
11097 27908
11098 27929
11099 27962
11100 27930
11101 27921
11102 27904
11103 27933
11104 27970
11105 27905
11106 27928
11107 27959
11108 27907
11109 27919
11110 27968
11111 27911
11112 27936
11113 27948
11114 27912
11115 27938
11116 27913
11117 27920
11118 28855
11119 28831
11120 28862
11121 28849
11122 28848
11123 28833
11124 28852
11125 28853
11126 28841
11127 29249
11128 29257
11129 29258
11130 29292
11131 29296
11132 29299
11133 29294
11134 29386
11297 29412
11298 29416
11299 29419
11300 29407
11301 29418
11302 29414
11303 29411
11304 29573
11305 29644
11306 29634
11307 29640
11308 29637
11309 29625
11310 29622
11311 29621
11312 29620
11313 29675
11314 29631
11315 29639
11316 29630
11317 29635
11318 29638
11319 29624
11320 29643
11321 29932
11322 29934
11323 29998
11324 30023
11325 30024
11326 30119
11327 30122
11328 30329
11329 30404
11330 30472
11331 30467
11332 30468
11333 30469
11334 30474
11335 30455
11336 30459
11337 30458
11338 30695
11339 30696
11340 30726
11341 30737
11342 30738
11343 30725
11344 30736
11345 30735
11346 30734
11347 30729
11348 30723
11349 30739
11350 31050
11351 31052
11352 31051
11353 31045
11354 31044
11355 31189
11356 31181
11357 31183
11358 31190
11359 31182
11360 31360
11361 31358
11362 31441
11363 31488
11364 31489
11365 31866
11366 31864
11367 31865
11368 31871
11369 31872
11370 31873
11371 32003
11372 32008
11373 32001
11374 32600
11375 32657
11376 32653
11377 32702
11378 32775
11379 32782
11380 32783
11381 32788
11382 32823
11383 32984
11384 32967
11385 32992
11386 32977
11387 32968
11388 32962
11389 32976
11390 32965
11553 32995
11554 32985
11555 32988
11556 32970
11557 32981
11558 32969
11559 32975
11560 32983
11561 32998
11562 32973
11563 33279
11564 33313
11565 33428
11566 33497
11567 33534
11568 33529
11569 33543
11570 33512
11571 33536
11572 33493
11573 33594
11574 33515
11575 33494
11576 33524
11577 33516
11578 33505
11579 33522
11580 33525
11581 33548
11582 33531
11583 33526
11584 33520
11585 33514
11586 33508
11587 33504
11588 33530
11589 33523
11590 33517
11591 34423
11592 34420
11593 34428
11594 34419
11595 34881
11596 34894
11597 34919
11598 34922
11599 34921
11600 35283
11601 35332
11602 35335
11603 36210
11604 36835
11605 36833
11606 36846
11607 36832
11608 37105
11609 37053
11610 37055
11611 37077
11612 37061
11613 37054
11614 37063
11615 37067
11616 37064
11617 37332
11618 37331
11619 38484
11620 38479
11621 38481
11622 38483
11623 38474
11624 38478
11625 20510
11626 20485
11627 20487
11628 20499
11629 20514
11630 20528
11631 20507
11632 20469
11633 20468
11634 20531
11635 20535
11636 20524
11637 20470
11638 20471
11639 20503
11640 20508
11641 20512
11642 20519
11643 20533
11644 20527
11645 20529
11646 20494
11809 20826
11810 20884
11811 20883
11812 20938
11813 20932
11814 20933
11815 20936
11816 20942
11817 21089
11818 21082
11819 21074
11820 21086
11821 21087
11822 21077
11823 21090
11824 21197
11825 21262
11826 21406
11827 21798
11828 21730
11829 21783
11830 21778
11831 21735
11832 21747
11833 21732
11834 21786
11835 21759
11836 21764
11837 21768
11838 21739
11839 21777
11840 21765
11841 21745
11842 21770
11843 21755
11844 21751
11845 21752
11846 21728
11847 21774
11848 21763
11849 21771
11850 22273
11851 22274
11852 22476
11853 22578
11854 22485
11855 22482
11856 22458
11857 22470
11858 22461
11859 22460
11860 22456
11861 22454
11862 22463
11863 22471
11864 22480
11865 22457
11866 22465
11867 22798
11868 22858
11869 23065
11870 23062
11871 23085
11872 23086
11873 23061
11874 23055
11875 23063
11876 23050
11877 23070
11878 23091
11879 23404
11880 23463
11881 23469
11882 23468
11883 23555
11884 23638
11885 23636
11886 23788
11887 23807
11888 23790
11889 23793
11890 23799
11891 23808
11892 23801
11893 24105
11894 24104
11895 24232
11896 24238
11897 24234
11898 24236
11899 24371
11900 24368
11901 24423
11902 24669
12065 24666
12066 24679
12067 24641
12068 24738
12069 24712
12070 24704
12071 24722
12072 24705
12073 24733
12074 24707
12075 24725
12076 24731
12077 24727
12078 24711
12079 24732
12080 24718
12081 25113
12082 25158
12083 25330
12084 25360
12085 25430
12086 25388
12087 25412
12088 25413
12089 25398
12090 25411
12091 25572
12092 25401
12093 25419
12094 25418
12095 25404
12096 25385
12097 25409
12098 25396
12099 25432
12100 25428
12101 25433
12102 25389
12103 25415
12104 25395
12105 25434
12106 25425
12107 25400
12108 25431
12109 25408
12110 25416
12111 25930
12112 25926
12113 26054
12114 26051
12115 26052
12116 26050
12117 26186
12118 26207
12119 26183
12120 26193
12121 26386
12122 26387
12123 26655
12124 26650
12125 26697
12126 26674
12127 26675
12128 26683
12129 26699
12130 26703
12131 26646
12132 26673
12133 26652
12134 26677
12135 26667
12136 26669
12137 26671
12138 26702
12139 26692
12140 26676
12141 26653
12142 26642
12143 26644
12144 26662
12145 26664
12146 26670
12147 26701
12148 26682
12149 26661
12150 26656
12151 27436
12152 27439
12153 27437
12154 27441
12155 27444
12156 27501
12157 32898
12158 27528
12321 27622
12322 27620
12323 27624
12324 27619
12325 27618
12326 27623
12327 27685
12328 28026
12329 28003
12330 28004
12331 28022
12332 27917
12333 28001
12334 28050
12335 27992
12336 28002
12337 28013
12338 28015
12339 28049
12340 28045
12341 28143
12342 28031
12343 28038
12344 27998
12345 28007
12346 28000
12347 28055
12348 28016
12349 28028
12350 27999
12351 28034
12352 28056
12353 27951
12354 28008
12355 28043
12356 28030
12357 28032
12358 28036
12359 27926
12360 28035
12361 28027
12362 28029
12363 28021
12364 28048
12365 28892
12366 28883
12367 28881
12368 28893
12369 28875
12370 32569
12371 28898
12372 28887
12373 28882
12374 28894
12375 28896
12376 28884
12377 28877
12378 28869
12379 28870
12380 28871
12381 28890
12382 28878
12383 28897
12384 29250
12385 29304
12386 29303
12387 29302
12388 29440
12389 29434
12390 29428
12391 29438
12392 29430
12393 29427
12394 29435
12395 29441
12396 29651
12397 29657
12398 29669
12399 29654
12400 29628
12401 29671
12402 29667
12403 29673
12404 29660
12405 29650
12406 29659
12407 29652
12408 29661
12409 29658
12410 29655
12411 29656
12412 29672
12413 29918
12414 29919
12577 29940
12578 29941
12579 29985
12580 30043
12581 30047
12582 30128
12583 30145
12584 30139
12585 30148
12586 30144
12587 30143
12588 30134
12589 30138
12590 30346
12591 30409
12592 30493
12593 30491
12594 30480
12595 30483
12596 30482
12597 30499
12598 30481
12599 30485
12600 30489
12601 30490
12602 30498
12603 30503
12604 30755
12605 30764
12606 30754
12607 30773
12608 30767
12609 30760
12610 30766
12611 30763
12612 30753
12613 30761
12614 30771
12615 30762
12616 30769
12617 31060
12618 31067
12619 31055
12620 31068
12621 31059
12622 31058
12623 31057
12624 31211
12625 31212
12626 31200
12627 31214
12628 31213
12629 31210
12630 31196
12631 31198
12632 31197
12633 31366
12634 31369
12635 31365
12636 31371
12637 31372
12638 31370
12639 31367
12640 31448
12641 31504
12642 31492
12643 31507
12644 31493
12645 31503
12646 31496
12647 31498
12648 31502
12649 31497
12650 31506
12651 31876
12652 31889
12653 31882
12654 31884
12655 31880
12656 31885
12657 31877
12658 32030
12659 32029
12660 32017
12661 32014
12662 32024
12663 32022
12664 32019
12665 32031
12666 32018
12667 32015
12668 32012
12669 32604
12670 32609
12833 32606
12834 32608
12835 32605
12836 32603
12837 32662
12838 32658
12839 32707
12840 32706
12841 32704
12842 32790
12843 32830
12844 32825
12845 33018
12846 33010
12847 33017
12848 33013
12849 33025
12850 33019
12851 33024
12852 33281
12853 33327
12854 33317
12855 33587
12856 33581
12857 33604
12858 33561
12859 33617
12860 33573
12861 33622
12862 33599
12863 33601
12864 33574
12865 33564
12866 33570
12867 33602
12868 33614
12869 33563
12870 33578
12871 33544
12872 33596
12873 33613
12874 33558
12875 33572
12876 33568
12877 33591
12878 33583
12879 33577
12880 33607
12881 33605
12882 33612
12883 33619
12884 33566
12885 33580
12886 33611
12887 33575
12888 33608
12889 34387
12890 34386
12891 34466
12892 34472
12893 34454
12894 34445
12895 34449
12896 34462
12897 34439
12898 34455
12899 34438
12900 34443
12901 34458
12902 34437
12903 34469
12904 34457
12905 34465
12906 34471
12907 34453
12908 34456
12909 34446
12910 34461
12911 34448
12912 34452
12913 34883
12914 34884
12915 34925
12916 34933
12917 34934
12918 34930
12919 34944
12920 34929
12921 34943
12922 34927
12923 34947
12924 34942
12925 34932
12926 34940
13089 35346
13090 35911
13091 35927
13092 35963
13093 36004
13094 36003
13095 36214
13096 36216
13097 36277
13098 36279
13099 36278
13100 36561
13101 36563
13102 36862
13103 36853
13104 36866
13105 36863
13106 36859
13107 36868
13108 36860
13109 36854
13110 37078
13111 37088
13112 37081
13113 37082
13114 37091
13115 37087
13116 37093
13117 37080
13118 37083
13119 37079
13120 37084
13121 37092
13122 37200
13123 37198
13124 37199
13125 37333
13126 37346
13127 37338
13128 38492
13129 38495
13130 38588
13131 39139
13132 39647
13133 39727
13134 20095
13135 20592
13136 20586
13137 20577
13138 20574
13139 20576
13140 20563
13141 20555
13142 20573
13143 20594
13144 20552
13145 20557
13146 20545
13147 20571
13148 20554
13149 20578
13150 20501
13151 20549
13152 20575
13153 20585
13154 20587
13155 20579
13156 20580
13157 20550
13158 20544
13159 20590
13160 20595
13161 20567
13162 20561
13163 20944
13164 21099
13165 21101
13166 21100
13167 21102
13168 21206
13169 21203
13170 21293
13171 21404
13172 21877
13173 21878
13174 21820
13175 21837
13176 21840
13177 21812
13178 21802
13179 21841
13180 21858
13181 21814
13182 21813
13345 21808
13346 21842
13347 21829
13348 21772
13349 21810
13350 21861
13351 21838
13352 21817
13353 21832
13354 21805
13355 21819
13356 21824
13357 21835
13358 22282
13359 22279
13360 22523
13361 22548
13362 22498
13363 22518
13364 22492
13365 22516
13366 22528
13367 22509
13368 22525
13369 22536
13370 22520
13371 22539
13372 22515
13373 22479
13374 22535
13375 22510
13376 22499
13377 22514
13378 22501
13379 22508
13380 22497
13381 22542
13382 22524
13383 22544
13384 22503
13385 22529
13386 22540
13387 22513
13388 22505
13389 22512
13390 22541
13391 22532
13392 22876
13393 23136
13394 23128
13395 23125
13396 23143
13397 23134
13398 23096
13399 23093
13400 23149
13401 23120
13402 23135
13403 23141
13404 23148
13405 23123
13406 23140
13407 23127
13408 23107
13409 23133
13410 23122
13411 23108
13412 23131
13413 23112
13414 23182
13415 23102
13416 23117
13417 23097
13418 23116
13419 23152
13420 23145
13421 23111
13422 23121
13423 23126
13424 23106
13425 23132
13426 23410
13427 23406
13428 23489
13429 23488
13430 23641
13431 23838
13432 23819
13433 23837
13434 23834
13435 23840
13436 23820
13437 23848
13438 23821
13601 23846
13602 23845
13603 23823
13604 23856
13605 23826
13606 23843
13607 23839
13608 23854
13609 24126
13610 24116
13611 24241
13612 24244
13613 24249
13614 24242
13615 24243
13616 24374
13617 24376
13618 24475
13619 24470
13620 24479
13621 24714
13622 24720
13623 24710
13624 24766
13625 24752
13626 24762
13627 24787
13628 24788
13629 24783
13630 24804
13631 24793
13632 24797
13633 24776
13634 24753
13635 24795
13636 24759
13637 24778
13638 24767
13639 24771
13640 24781
13641 24768
13642 25394
13643 25445
13644 25482
13645 25474
13646 25469
13647 25533
13648 25502
13649 25517
13650 25501
13651 25495
13652 25515
13653 25486
13654 25455
13655 25479
13656 25488
13657 25454
13658 25519
13659 25461
13660 25500
13661 25453
13662 25518
13663 25468
13664 25508
13665 25403
13666 25503
13667 25464
13668 25477
13669 25473
13670 25489
13671 25485
13672 25456
13673 25939
13674 26061
13675 26213
13676 26209
13677 26203
13678 26201
13679 26204
13680 26210
13681 26392
13682 26745
13683 26759
13684 26768
13685 26780
13686 26733
13687 26734
13688 26798
13689 26795
13690 26966
13691 26735
13692 26787
13693 26796
13694 26793
13857 26741
13858 26740
13859 26802
13860 26767
13861 26743
13862 26770
13863 26748
13864 26731
13865 26738
13866 26794
13867 26752
13868 26737
13869 26750
13870 26779
13871 26774
13872 26763
13873 26784
13874 26761
13875 26788
13876 26744
13877 26747
13878 26769
13879 26764
13880 26762
13881 26749
13882 27446
13883 27443
13884 27447
13885 27448
13886 27537
13887 27535
13888 27533
13889 27534
13890 27532
13891 27690
13892 28096
13893 28075
13894 28084
13895 28083
13896 28276
13897 28076
13898 28137
13899 28130
13900 28087
13901 28150
13902 28116
13903 28160
13904 28104
13905 28128
13906 28127
13907 28118
13908 28094
13909 28133
13910 28124
13911 28125
13912 28123
13913 28148
13914 28106
13915 28093
13916 28141
13917 28144
13918 28090
13919 28117
13920 28098
13921 28111
13922 28105
13923 28112
13924 28146
13925 28115
13926 28157
13927 28119
13928 28109
13929 28131
13930 28091
13931 28922
13932 28941
13933 28919
13934 28951
13935 28916
13936 28940
13937 28912
13938 28932
13939 28915
13940 28944
13941 28924
13942 28927
13943 28934
13944 28947
13945 28928
13946 28920
13947 28918
13948 28939
13949 28930
13950 28942
14113 29310
14114 29307
14115 29308
14116 29311
14117 29469
14118 29463
14119 29447
14120 29457
14121 29464
14122 29450
14123 29448
14124 29439
14125 29455
14126 29470
14127 29576
14128 29686
14129 29688
14130 29685
14131 29700
14132 29697
14133 29693
14134 29703
14135 29696
14136 29690
14137 29692
14138 29695
14139 29708
14140 29707
14141 29684
14142 29704
14143 30052
14144 30051
14145 30158
14146 30162
14147 30159
14148 30155
14149 30156
14150 30161
14151 30160
14152 30351
14153 30345
14154 30419
14155 30521
14156 30511
14157 30509
14158 30513
14159 30514
14160 30516
14161 30515
14162 30525
14163 30501
14164 30523
14165 30517
14166 30792
14167 30802
14168 30793
14169 30797
14170 30794
14171 30796
14172 30758
14173 30789
14174 30800
14175 31076
14176 31079
14177 31081
14178 31082
14179 31075
14180 31083
14181 31073
14182 31163
14183 31226
14184 31224
14185 31222
14186 31223
14187 31375
14188 31380
14189 31376
14190 31541
14191 31547
14192 31540
14193 31525
14194 31536
14195 31522
14196 31524
14197 31539
14198 31512
14199 31530
14200 31517
14201 31537
14202 31531
14203 31533
14204 31535
14205 31538
14206 31544
14369 31514
14370 31523
14371 31892
14372 31896
14373 31894
14374 31907
14375 32053
14376 32061
14377 32056
14378 32054
14379 32058
14380 32069
14381 32044
14382 32041
14383 32065
14384 32071
14385 32062
14386 32063
14387 32074
14388 32059
14389 32040
14390 32611
14391 32661
14392 32668
14393 32669
14394 32667
14395 32714
14396 32715
14397 32717
14398 32720
14399 32721
14400 32711
14401 32719
14402 32713
14403 32799
14404 32798
14405 32795
14406 32839
14407 32835
14408 32840
14409 33048
14410 33061
14411 33049
14412 33051
14413 33069
14414 33055
14415 33068
14416 33054
14417 33057
14418 33045
14419 33063
14420 33053
14421 33058
14422 33297
14423 33336
14424 33331
14425 33338
14426 33332
14427 33330
14428 33396
14429 33680
14430 33699
14431 33704
14432 33677
14433 33658
14434 33651
14435 33700
14436 33652
14437 33679
14438 33665
14439 33685
14440 33689
14441 33653
14442 33684
14443 33705
14444 33661
14445 33667
14446 33676
14447 33693
14448 33691
14449 33706
14450 33675
14451 33662
14452 33701
14453 33711
14454 33672
14455 33687
14456 33712
14457 33663
14458 33702
14459 33671
14460 33710
14461 33654
14462 34393
14625 34390
14626 34495
14627 34487
14628 34498
14629 34497
14630 34501
14631 34490
14632 34480
14633 34504
14634 34489
14635 34483
14636 34488
14637 34508
14638 34484
14639 34491
14640 34492
14641 34499
14642 34493
14643 34494
14644 34898
14645 34953
14646 34965
14647 34984
14648 34978
14649 34986
14650 34970
14651 34961
14652 34977
14653 34975
14654 34968
14655 34983
14656 34969
14657 34971
14658 34967
14659 34980
14660 34988
14661 34956
14662 34963
14663 34958
14664 35202
14665 35286
14666 35289
14667 35285
14668 35376
14669 35367
14670 35372
14671 35358
14672 35897
14673 35899
14674 35932
14675 35933
14676 35965
14677 36005
14678 36221
14679 36219
14680 36217
14681 36284
14682 36290
14683 36281
14684 36287
14685 36289
14686 36568
14687 36574
14688 36573
14689 36572
14690 36567
14691 36576
14692 36577
14693 36900
14694 36875
14695 36881
14696 36892
14697 36876
14698 36897
14699 37103
14700 37098
14701 37104
14702 37108
14703 37106
14704 37107
14705 37076
14706 37099
14707 37100
14708 37097
14709 37206
14710 37208
14711 37210
14712 37203
14713 37205
14714 37356
14715 37364
14716 37361
14717 37363
14718 37368
14881 37348
14882 37369
14883 37354
14884 37355
14885 37367
14886 37352
14887 37358
14888 38266
14889 38278
14890 38280
14891 38524
14892 38509
14893 38507
14894 38513
14895 38511
14896 38591
14897 38762
14898 38916
14899 39141
14900 39319
14901 20635
14902 20629
14903 20628
14904 20638
14905 20619
14906 20643
14907 20611
14908 20620
14909 20622
14910 20637
14911 20584
14912 20636
14913 20626
14914 20610
14915 20615
14916 20831
14917 20948
14918 21266
14919 21265
14920 21412
14921 21415
14922 21905
14923 21928
14924 21925
14925 21933
14926 21879
14927 22085
14928 21922
14929 21907
14930 21896
14931 21903
14932 21941
14933 21889
14934 21923
14935 21906
14936 21924
14937 21885
14938 21900
14939 21926
14940 21887
14941 21909
14942 21921
14943 21902
14944 22284
14945 22569
14946 22583
14947 22553
14948 22558
14949 22567
14950 22563
14951 22568
14952 22517
14953 22600
14954 22565
14955 22556
14956 22555
14957 22579
14958 22591
14959 22582
14960 22574
14961 22585
14962 22584
14963 22573
14964 22572
14965 22587
14966 22881
14967 23215
14968 23188
14969 23199
14970 23162
14971 23202
14972 23198
14973 23160
14974 23206
15137 23164
15138 23205
15139 23212
15140 23189
15141 23214
15142 23095
15143 23172
15144 23178
15145 23191
15146 23171
15147 23179
15148 23209
15149 23163
15150 23165
15151 23180
15152 23196
15153 23183
15154 23187
15155 23197
15156 23530
15157 23501
15158 23499
15159 23508
15160 23505
15161 23498
15162 23502
15163 23564
15164 23600
15165 23863
15166 23875
15167 23915
15168 23873
15169 23883
15170 23871
15171 23861
15172 23889
15173 23886
15174 23893
15175 23859
15176 23866
15177 23890
15178 23869
15179 23857
15180 23897
15181 23874
15182 23865
15183 23881
15184 23864
15185 23868
15186 23858
15187 23862
15188 23872
15189 23877
15190 24132
15191 24129
15192 24408
15193 24486
15194 24485
15195 24491
15196 24777
15197 24761
15198 24780
15199 24802
15200 24782
15201 24772
15202 24852
15203 24818
15204 24842
15205 24854
15206 24837
15207 24821
15208 24851
15209 24824
15210 24828
15211 24830
15212 24769
15213 24835
15214 24856
15215 24861
15216 24848
15217 24831
15218 24836
15219 24843
15220 25162
15221 25492
15222 25521
15223 25520
15224 25550
15225 25573
15226 25576
15227 25583
15228 25539
15229 25757
15230 25587
15393 25546
15394 25568
15395 25590
15396 25557
15397 25586
15398 25589
15399 25697
15400 25567
15401 25534
15402 25565
15403 25564
15404 25540
15405 25560
15406 25555
15407 25538
15408 25543
15409 25548
15410 25547
15411 25544
15412 25584
15413 25559
15414 25561
15415 25906
15416 25959
15417 25962
15418 25956
15419 25948
15420 25960
15421 25957
15422 25996
15423 26013
15424 26014
15425 26030
15426 26064
15427 26066
15428 26236
15429 26220
15430 26235
15431 26240
15432 26225
15433 26233
15434 26218
15435 26226
15436 26369
15437 26892
15438 26835
15439 26884
15440 26844
15441 26922
15442 26860
15443 26858
15444 26865
15445 26895
15446 26838
15447 26871
15448 26859
15449 26852
15450 26870
15451 26899
15452 26896
15453 26867
15454 26849
15455 26887
15456 26828
15457 26888
15458 26992
15459 26804
15460 26897
15461 26863
15462 26822
15463 26900
15464 26872
15465 26832
15466 26877
15467 26876
15468 26856
15469 26891
15470 26890
15471 26903
15472 26830
15473 26824
15474 26845
15475 26846
15476 26854
15477 26868
15478 26833
15479 26886
15480 26836
15481 26857
15482 26901
15483 26917
15484 26823
15485 27449
15486 27451
15649 27455
15650 27452
15651 27540
15652 27543
15653 27545
15654 27541
15655 27581
15656 27632
15657 27634
15658 27635
15659 27696
15660 28156
15661 28230
15662 28231
15663 28191
15664 28233
15665 28296
15666 28220
15667 28221
15668 28229
15669 28258
15670 28203
15671 28223
15672 28225
15673 28253
15674 28275
15675 28188
15676 28211
15677 28235
15678 28224
15679 28241
15680 28219
15681 28163
15682 28206
15683 28254
15684 28264
15685 28252
15686 28257
15687 28209
15688 28200
15689 28256
15690 28273
15691 28267
15692 28217
15693 28194
15694 28208
15695 28243
15696 28261
15697 28199
15698 28280
15699 28260
15700 28279
15701 28245
15702 28281
15703 28242
15704 28262
15705 28213
15706 28214
15707 28250
15708 28960
15709 28958
15710 28975
15711 28923
15712 28974
15713 28977
15714 28963
15715 28965
15716 28962
15717 28978
15718 28959
15719 28968
15720 28986
15721 28955
15722 29259
15723 29274
15724 29320
15725 29321
15726 29318
15727 29317
15728 29323
15729 29458
15730 29451
15731 29488
15732 29474
15733 29489
15734 29491
15735 29479
15736 29490
15737 29485
15738 29478
15739 29475
15740 29493
15741 29452
15742 29742
15905 29740
15906 29744
15907 29739
15908 29718
15909 29722
15910 29729
15911 29741
15912 29745
15913 29732
15914 29731
15915 29725
15916 29737
15917 29728
15918 29746
15919 29947
15920 29999
15921 30063
15922 30060
15923 30183
15924 30170
15925 30177
15926 30182
15927 30173
15928 30175
15929 30180
15930 30167
15931 30357
15932 30354
15933 30426
15934 30534
15935 30535
15936 30532
15937 30541
15938 30533
15939 30538
15940 30542
15941 30539
15942 30540
15943 30686
15944 30700
15945 30816
15946 30820
15947 30821
15948 30812
15949 30829
15950 30833
15951 30826
15952 30830
15953 30832
15954 30825
15955 30824
15956 30814
15957 30818
15958 31092
15959 31091
15960 31090
15961 31088
15962 31234
15963 31242
15964 31235
15965 31244
15966 31236
15967 31385
15968 31462
15969 31460
15970 31562
15971 31559
15972 31556
15973 31560
15974 31564
15975 31566
15976 31552
15977 31576
15978 31557
15979 31906
15980 31902
15981 31912
15982 31905
15983 32088
15984 32111
15985 32099
15986 32083
15987 32086
15988 32103
15989 32106
15990 32079
15991 32109
15992 32092
15993 32107
15994 32082
15995 32084
15996 32105
15997 32081
15998 32095
16161 32078
16162 32574
16163 32575
16164 32613
16165 32614
16166 32674
16167 32672
16168 32673
16169 32727
16170 32849
16171 32847
16172 32848
16173 33022
16174 32980
16175 33091
16176 33098
16177 33106
16178 33103
16179 33095
16180 33085
16181 33101
16182 33082
16183 33254
16184 33262
16185 33271
16186 33272
16187 33273
16188 33284
16189 33340
16190 33341
16191 33343
16192 33397
16193 33595
16194 33743
16195 33785
16196 33827
16197 33728
16198 33768
16199 33810
16200 33767
16201 33764
16202 33788
16203 33782
16204 33808
16205 33734
16206 33736
16207 33771
16208 33763
16209 33727
16210 33793
16211 33757
16212 33765
16213 33752
16214 33791
16215 33761
16216 33739
16217 33742
16218 33750
16219 33781
16220 33737
16221 33801
16222 33807
16223 33758
16224 33809
16225 33798
16226 33730
16227 33779
16228 33749
16229 33786
16230 33735
16231 33745
16232 33770
16233 33811
16234 33690
16235 33731
16236 33772
16237 33774
16238 33732
16239 33787
16240 33751
16241 33762
16242 33819
16243 33755
16244 33790
16245 34520
16246 34530
16247 34534
16248 34515
16249 34531
16250 34522
16251 34538
16252 34525
16253 34539
16254 34524
16417 34540
16418 34537
16419 34519
16420 34536
16421 34513
16422 34888
16423 34902
16424 34901
16425 35002
16426 35031
16427 35001
16428 35000
16429 35008
16430 35006
16431 34998
16432 35004
16433 34999
16434 35005
16435 34994
16436 35073
16437 35017
16438 35221
16439 35224
16440 35223
16441 35293
16442 35290
16443 35291
16444 35406
16445 35405
16446 35385
16447 35417
16448 35392
16449 35415
16450 35416
16451 35396
16452 35397
16453 35410
16454 35400
16455 35409
16456 35402
16457 35404
16458 35407
16459 35935
16460 35969
16461 35968
16462 36026
16463 36030
16464 36016
16465 36025
16466 36021
16467 36228
16468 36224
16469 36233
16470 36312
16471 36307
16472 36301
16473 36295
16474 36310
16475 36316
16476 36303
16477 36309
16478 36313
16479 36296
16480 36311
16481 36293
16482 36591
16483 36599
16484 36602
16485 36601
16486 36582
16487 36590
16488 36581
16489 36597
16490 36583
16491 36584
16492 36598
16493 36587
16494 36593
16495 36588
16496 36596
16497 36585
16498 36909
16499 36916
16500 36911
16501 37126
16502 37164
16503 37124
16504 37119
16505 37116
16506 37128
16507 37113
16508 37115
16509 37121
16510 37120
16673 37127
16674 37125
16675 37123
16676 37217
16677 37220
16678 37215
16679 37218
16680 37216
16681 37377
16682 37386
16683 37413
16684 37379
16685 37402
16686 37414
16687 37391
16688 37388
16689 37376
16690 37394
16691 37375
16692 37373
16693 37382
16694 37380
16695 37415
16696 37378
16697 37404
16698 37412
16699 37401
16700 37399
16701 37381
16702 37398
16703 38267
16704 38285
16705 38284
16706 38288
16707 38535
16708 38526
16709 38536
16710 38537
16711 38531
16712 38528
16713 38594
16714 38600
16715 38595
16716 38641
16717 38640
16718 38764
16719 38768
16720 38766
16721 38919
16722 39081
16723 39147
16724 40166
16725 40697
16726 20099
16727 20100
16728 20150
16729 20669
16730 20671
16731 20678
16732 20654
16733 20676
16734 20682
16735 20660
16736 20680
16737 20674
16738 20656
16739 20673
16740 20666
16741 20657
16742 20683
16743 20681
16744 20662
16745 20664
16746 20951
16747 21114
16748 21112
16749 21115
16750 21116
16751 21955
16752 21979
16753 21964
16754 21968
16755 21963
16756 21962
16757 21981
16758 21952
16759 21972
16760 21956
16761 21993
16762 21951
16763 21970
16764 21901
16765 21967
16766 21973
16929 21986
16930 21974
16931 21960
16932 22002
16933 21965
16934 21977
16935 21954
16936 22292
16937 22611
16938 22632
16939 22628
16940 22607
16941 22605
16942 22601
16943 22639
16944 22613
16945 22606
16946 22621
16947 22617
16948 22629
16949 22619
16950 22589
16951 22627
16952 22641
16953 22780
16954 23239
16955 23236
16956 23243
16957 23226
16958 23224
16959 23217
16960 23221
16961 23216
16962 23231
16963 23240
16964 23227
16965 23238
16966 23223
16967 23232
16968 23242
16969 23220
16970 23222
16971 23245
16972 23225
16973 23184
16974 23510
16975 23512
16976 23513
16977 23583
16978 23603
16979 23921
16980 23907
16981 23882
16982 23909
16983 23922
16984 23916
16985 23902
16986 23912
16987 23911
16988 23906
16989 24048
16990 24143
16991 24142
16992 24138
16993 24141
16994 24139
16995 24261
16996 24268
16997 24262
16998 24267
16999 24263
17000 24384
17001 24495
17002 24493
17003 24823
17004 24905
17005 24906
17006 24875
17007 24901
17008 24886
17009 24882
17010 24878
17011 24902
17012 24879
17013 24911
17014 24873
17015 24896
17016 25120
17017 37224
17018 25123
17019 25125
17020 25124
17021 25541
17022 25585
17185 25579
17186 25616
17187 25618
17188 25609
17189 25632
17190 25636
17191 25651
17192 25667
17193 25631
17194 25621
17195 25624
17196 25657
17197 25655
17198 25634
17199 25635
17200 25612
17201 25638
17202 25648
17203 25640
17204 25665
17205 25653
17206 25647
17207 25610
17208 25626
17209 25664
17210 25637
17211 25639
17212 25611
17213 25575
17214 25627
17215 25646
17216 25633
17217 25614
17218 25967
17219 26002
17220 26067
17221 26246
17222 26252
17223 26261
17224 26256
17225 26251
17226 26250
17227 26265
17228 26260
17229 26232
17230 26400
17231 26982
17232 26975
17233 26936
17234 26958
17235 26978
17236 26993
17237 26943
17238 26949
17239 26986
17240 26937
17241 26946
17242 26967
17243 26969
17244 27002
17245 26952
17246 26953
17247 26933
17248 26988
17249 26931
17250 26941
17251 26981
17252 26864
17253 27000
17254 26932
17255 26985
17256 26944
17257 26991
17258 26948
17259 26998
17260 26968
17261 26945
17262 26996
17263 26956
17264 26939
17265 26955
17266 26935
17267 26972
17268 26959
17269 26961
17270 26930
17271 26962
17272 26927
17273 27003
17274 26940
17275 27462
17276 27461
17277 27459
17278 27458
17441 27464
17442 27457
17443 27547
17444 27643
17445 27644
17446 27641
17447 27639
17448 27640
17449 28315
17450 28374
17451 28360
17452 28303
17453 28352
17454 28319
17455 28307
17456 28308
17457 28320
17458 28337
17459 28345
17460 28358
17461 28370
17462 28349
17463 28353
17464 28318
17465 28361
17466 28343
17467 28336
17468 28365
17469 28326
17470 28367
17471 28338
17472 28350
17473 28355
17474 28380
17475 28376
17476 28313
17477 28306
17478 28302
17479 28301
17480 28324
17481 28321
17482 28351
17483 28339
17484 28368
17485 28362
17486 28311
17487 28334
17488 28323
17489 28999
17490 29012
17491 29010
17492 29027
17493 29024
17494 28993
17495 29021
17496 29026
17497 29042
17498 29048
17499 29034
17500 29025
17501 28994
17502 29016
17503 28995
17504 29003
17505 29040
17506 29023
17507 29008
17508 29011
17509 28996
17510 29005
17511 29018
17512 29263
17513 29325
17514 29324
17515 29329
17516 29328
17517 29326
17518 29500
17519 29506
17520 29499
17521 29498
17522 29504
17523 29514
17524 29513
17525 29764
17526 29770
17527 29771
17528 29778
17529 29777
17530 29783
17531 29760
17532 29775
17533 29776
17534 29774
17697 29762
17698 29766
17699 29773
17700 29780
17701 29921
17702 29951
17703 29950
17704 29949
17705 29981
17706 30073
17707 30071
17708 27011
17709 30191
17710 30223
17711 30211
17712 30199
17713 30206
17714 30204
17715 30201
17716 30200
17717 30224
17718 30203
17719 30198
17720 30189
17721 30197
17722 30205
17723 30361
17724 30389
17725 30429
17726 30549
17727 30559
17728 30560
17729 30546
17730 30550
17731 30554
17732 30569
17733 30567
17734 30548
17735 30553
17736 30573
17737 30688
17738 30855
17739 30874
17740 30868
17741 30863
17742 30852
17743 30869
17744 30853
17745 30854
17746 30881
17747 30851
17748 30841
17749 30873
17750 30848
17751 30870
17752 30843
17753 31100
17754 31106
17755 31101
17756 31097
17757 31249
17758 31256
17759 31257
17760 31250
17761 31255
17762 31253
17763 31266
17764 31251
17765 31259
17766 31248
17767 31395
17768 31394
17769 31390
17770 31467
17771 31590
17772 31588
17773 31597
17774 31604
17775 31593
17776 31602
17777 31589
17778 31603
17779 31601
17780 31600
17781 31585
17782 31608
17783 31606
17784 31587
17785 31922
17786 31924
17787 31919
17788 32136
17789 32134
17790 32128
17953 32141
17954 32127
17955 32133
17956 32122
17957 32142
17958 32123
17959 32131
17960 32124
17961 32140
17962 32148
17963 32132
17964 32125
17965 32146
17966 32621
17967 32619
17968 32615
17969 32616
17970 32620
17971 32678
17972 32677
17973 32679
17974 32731
17975 32732
17976 32801
17977 33124
17978 33120
17979 33143
17980 33116
17981 33129
17982 33115
17983 33122
17984 33138
17985 26401
17986 33118
17987 33142
17988 33127
17989 33135
17990 33092
17991 33121
17992 33309
17993 33353
17994 33348
17995 33344
17996 33346
17997 33349
17998 34033
17999 33855
18000 33878
18001 33910
18002 33913
18003 33935
18004 33933
18005 33893
18006 33873
18007 33856
18008 33926
18009 33895
18010 33840
18011 33869
18012 33917
18013 33882
18014 33881
18015 33908
18016 33907
18017 33885
18018 34055
18019 33886
18020 33847
18021 33850
18022 33844
18023 33914
18024 33859
18025 33912
18026 33842
18027 33861
18028 33833
18029 33753
18030 33867
18031 33839
18032 33858
18033 33837
18034 33887
18035 33904
18036 33849
18037 33870
18038 33868
18039 33874
18040 33903
18041 33989
18042 33934
18043 33851
18044 33863
18045 33846
18046 33843
18209 33896
18210 33918
18211 33860
18212 33835
18213 33888
18214 33876
18215 33902
18216 33872
18217 34571
18218 34564
18219 34551
18220 34572
18221 34554
18222 34518
18223 34549
18224 34637
18225 34552
18226 34574
18227 34569
18228 34561
18229 34550
18230 34573
18231 34565
18232 35030
18233 35019
18234 35021
18235 35022
18236 35038
18237 35035
18238 35034
18239 35020
18240 35024
18241 35205
18242 35227
18243 35295
18244 35301
18245 35300
18246 35297
18247 35296
18248 35298
18249 35292
18250 35302
18251 35446
18252 35462
18253 35455
18254 35425
18255 35391
18256 35447
18257 35458
18258 35460
18259 35445
18260 35459
18261 35457
18262 35444
18263 35450
18264 35900
18265 35915
18266 35914
18267 35941
18268 35940
18269 35942
18270 35974
18271 35972
18272 35973
18273 36044
18274 36200
18275 36201
18276 36241
18277 36236
18278 36238
18279 36239
18280 36237
18281 36243
18282 36244
18283 36240
18284 36242
18285 36336
18286 36320
18287 36332
18288 36337
18289 36334
18290 36304
18291 36329
18292 36323
18293 36322
18294 36327
18295 36338
18296 36331
18297 36340
18298 36614
18299 36607
18300 36609
18301 36608
18302 36613
18465 36615
18466 36616
18467 36610
18468 36619
18469 36946
18470 36927
18471 36932
18472 36937
18473 36925
18474 37136
18475 37133
18476 37135
18477 37137
18478 37142
18479 37140
18480 37131
18481 37134
18482 37230
18483 37231
18484 37448
18485 37458
18486 37424
18487 37434
18488 37478
18489 37427
18490 37477
18491 37470
18492 37507
18493 37422
18494 37450
18495 37446
18496 37485
18497 37484
18498 37455
18499 37472
18500 37479
18501 37487
18502 37430
18503 37473
18504 37488
18505 37425
18506 37460
18507 37475
18508 37456
18509 37490
18510 37454
18511 37459
18512 37452
18513 37462
18514 37426
18515 38303
18516 38300
18517 38302
18518 38299
18519 38546
18520 38547
18521 38545
18522 38551
18523 38606
18524 38650
18525 38653
18526 38648
18527 38645
18528 38771
18529 38775
18530 38776
18531 38770
18532 38927
18533 38925
18534 38926
18535 39084
18536 39158
18537 39161
18538 39343
18539 39346
18540 39344
18541 39349
18542 39597
18543 39595
18544 39771
18545 40170
18546 40173
18547 40167
18548 40576
18549 40701
18550 20710
18551 20692
18552 20695
18553 20712
18554 20723
18555 20699
18556 20714
18557 20701
18558 20708
18721 20691
18722 20716
18723 20720
18724 20719
18725 20707
18726 20704
18727 20952
18728 21120
18729 21121
18730 21225
18731 21227
18732 21296
18733 21420
18734 22055
18735 22037
18736 22028
18737 22034
18738 22012
18739 22031
18740 22044
18741 22017
18742 22035
18743 22018
18744 22010
18745 22045
18746 22020
18747 22015
18748 22009
18749 22665
18750 22652
18751 22672
18752 22680
18753 22662
18754 22657
18755 22655
18756 22644
18757 22667
18758 22650
18759 22663
18760 22673
18761 22670
18762 22646
18763 22658
18764 22664
18765 22651
18766 22676
18767 22671
18768 22782
18769 22891
18770 23260
18771 23278
18772 23269
18773 23253
18774 23274
18775 23258
18776 23277
18777 23275
18778 23283
18779 23266
18780 23264
18781 23259
18782 23276
18783 23262
18784 23261
18785 23257
18786 23272
18787 23263
18788 23415
18789 23520
18790 23523
18791 23651
18792 23938
18793 23936
18794 23933
18795 23942
18796 23930
18797 23937
18798 23927
18799 23946
18800 23945
18801 23944
18802 23934
18803 23932
18804 23949
18805 23929
18806 23935
18807 24152
18808 24153
18809 24147
18810 24280
18811 24273
18812 24279
18813 24270
18814 24284
18977 24277
18978 24281
18979 24274
18980 24276
18981 24388
18982 24387
18983 24431
18984 24502
18985 24876
18986 24872
18987 24897
18988 24926
18989 24945
18990 24947
18991 24914
18992 24915
18993 24946
18994 24940
18995 24960
18996 24948
18997 24916
18998 24954
18999 24923
19000 24933
19001 24891
19002 24938
19003 24929
19004 24918
19005 25129
19006 25127
19007 25131
19008 25643
19009 25677
19010 25691
19011 25693
19012 25716
19013 25718
19014 25714
19015 25715
19016 25725
19017 25717
19018 25702
19019 25766
19020 25678
19021 25730
19022 25694
19023 25692
19024 25675
19025 25683
19026 25696
19027 25680
19028 25727
19029 25663
19030 25708
19031 25707
19032 25689
19033 25701
19034 25719
19035 25971
19036 26016
19037 26273
19038 26272
19039 26271
19040 26373
19041 26372
19042 26402
19043 27057
19044 27062
19045 27081
19046 27040
19047 27086
19048 27030
19049 27056
19050 27052
19051 27068
19052 27025
19053 27033
19054 27022
19055 27047
19056 27021
19057 27049
19058 27070
19059 27055
19060 27071
19061 27076
19062 27069
19063 27044
19064 27092
19065 27065
19066 27082
19067 27034
19068 27087
19069 27059
19070 27027
19233 27050
19234 27041
19235 27038
19236 27097
19237 27031
19238 27024
19239 27074
19240 27061
19241 27045
19242 27078
19243 27466
19244 27469
19245 27467
19246 27550
19247 27551
19248 27552
19249 27587
19250 27588
19251 27646
19252 28366
19253 28405
19254 28401
19255 28419
19256 28453
19257 28408
19258 28471
19259 28411
19260 28462
19261 28425
19262 28494
19263 28441
19264 28442
19265 28455
19266 28440
19267 28475
19268 28434
19269 28397
19270 28426
19271 28470
19272 28531
19273 28409
19274 28398
19275 28461
19276 28480
19277 28464
19278 28476
19279 28469
19280 28395
19281 28423
19282 28430
19283 28483
19284 28421
19285 28413
19286 28406
19287 28473
19288 28444
19289 28412
19290 28474
19291 28447
19292 28429
19293 28446
19294 28424
19295 28449
19296 29063
19297 29072
19298 29065
19299 29056
19300 29061
19301 29058
19302 29071
19303 29051
19304 29062
19305 29057
19306 29079
19307 29252
19308 29267
19309 29335
19310 29333
19311 29331
19312 29507
19313 29517
19314 29521
19315 29516
19316 29794
19317 29811
19318 29809
19319 29813
19320 29810
19321 29799
19322 29806
19323 29952
19324 29954
19325 29955
19326 30077
19489 30096
19490 30230
19491 30216
19492 30220
19493 30229
19494 30225
19495 30218
19496 30228
19497 30392
19498 30593
19499 30588
19500 30597
19501 30594
19502 30574
19503 30592
19504 30575
19505 30590
19506 30595
19507 30898
19508 30890
19509 30900
19510 30893
19511 30888
19512 30846
19513 30891
19514 30878
19515 30885
19516 30880
19517 30892
19518 30882
19519 30884
19520 31128
19521 31114
19522 31115
19523 31126
19524 31125
19525 31124
19526 31123
19527 31127
19528 31112
19529 31122
19530 31120
19531 31275
19532 31306
19533 31280
19534 31279
19535 31272
19536 31270
19537 31400
19538 31403
19539 31404
19540 31470
19541 31624
19542 31644
19543 31626
19544 31633
19545 31632
19546 31638
19547 31629
19548 31628
19549 31643
19550 31630
19551 31621
19552 31640
19553 21124
19554 31641
19555 31652
19556 31618
19557 31931
19558 31935
19559 31932
19560 31930
19561 32167
19562 32183
19563 32194
19564 32163
19565 32170
19566 32193
19567 32192
19568 32197
19569 32157
19570 32206
19571 32196
19572 32198
19573 32203
19574 32204
19575 32175
19576 32185
19577 32150
19578 32188
19579 32159
19580 32166
19581 32174
19582 32169
19745 32161
19746 32201
19747 32627
19748 32738
19749 32739
19750 32741
19751 32734
19752 32804
19753 32861
19754 32860
19755 33161
19756 33158
19757 33155
19758 33159
19759 33165
19760 33164
19761 33163
19762 33301
19763 33943
19764 33956
19765 33953
19766 33951
19767 33978
19768 33998
19769 33986
19770 33964
19771 33966
19772 33963
19773 33977
19774 33972
19775 33985
19776 33997
19777 33962
19778 33946
19779 33969
19780 34000
19781 33949
19782 33959
19783 33979
19784 33954
19785 33940
19786 33991
19787 33996
19788 33947
19789 33961
19790 33967
19791 33960
19792 34006
19793 33944
19794 33974
19795 33999
19796 33952
19797 34007
19798 34004
19799 34002
19800 34011
19801 33968
19802 33937
19803 34401
19804 34611
19805 34595
19806 34600
19807 34667
19808 34624
19809 34606
19810 34590
19811 34593
19812 34585
19813 34587
19814 34627
19815 34604
19816 34625
19817 34622
19818 34630
19819 34592
19820 34610
19821 34602
19822 34605
19823 34620
19824 34578
19825 34618
19826 34609
19827 34613
19828 34626
19829 34598
19830 34599
19831 34616
19832 34596
19833 34586
19834 34608
19835 34577
19836 35063
19837 35047
19838 35057
20001 35058
20002 35066
20003 35070
20004 35054
20005 35068
20006 35062
20007 35067
20008 35056
20009 35052
20010 35051
20011 35229
20012 35233
20013 35231
20014 35230
20015 35305
20016 35307
20017 35304
20018 35499
20019 35481
20020 35467
20021 35474
20022 35471
20023 35478
20024 35901
20025 35944
20026 35945
20027 36053
20028 36047
20029 36055
20030 36246
20031 36361
20032 36354
20033 36351
20034 36365
20035 36349
20036 36362
20037 36355
20038 36359
20039 36358
20040 36357
20041 36350
20042 36352
20043 36356
20044 36624
20045 36625
20046 36622
20047 36621
20048 37155
20049 37148
20050 37152
20051 37154
20052 37151
20053 37149
20054 37146
20055 37156
20056 37153
20057 37147
20058 37242
20059 37234
20060 37241
20061 37235
20062 37541
20063 37540
20064 37494
20065 37531
20066 37498
20067 37536
20068 37524
20069 37546
20070 37517
20071 37542
20072 37530
20073 37547
20074 37497
20075 37527
20076 37503
20077 37539
20078 37614
20079 37518
20080 37506
20081 37525
20082 37538
20083 37501
20084 37512
20085 37537
20086 37514
20087 37510
20088 37516
20089 37529
20090 37543
20091 37502
20092 37511
20093 37545
20094 37533
20257 37515
20258 37421
20259 38558
20260 38561
20261 38655
20262 38744
20263 38781
20264 38778
20265 38782
20266 38787
20267 38784
20268 38786
20269 38779
20270 38788
20271 38785
20272 38783
20273 38862
20274 38861
20275 38934
20276 39085
20277 39086
20278 39170
20279 39168
20280 39175
20281 39325
20282 39324
20283 39363
20284 39353
20285 39355
20286 39354
20287 39362
20288 39357
20289 39367
20290 39601
20291 39651
20292 39655
20293 39742
20294 39743
20295 39776
20296 39777
20297 39775
20298 40177
20299 40178
20300 40181
20301 40615
20302 20735
20303 20739
20304 20784
20305 20728
20306 20742
20307 20743
20308 20726
20309 20734
20310 20747
20311 20748
20312 20733
20313 20746
20314 21131
20315 21132
20316 21233
20317 21231
20318 22088
20319 22082
20320 22092
20321 22069
20322 22081
20323 22090
20324 22089
20325 22086
20326 22104
20327 22106
20328 22080
20329 22067
20330 22077
20331 22060
20332 22078
20333 22072
20334 22058
20335 22074
20336 22298
20337 22699
20338 22685
20339 22705
20340 22688
20341 22691
20342 22703
20343 22700
20344 22693
20345 22689
20346 22783
20347 23295
20348 23284
20349 23293
20350 23287
20513 23286
20514 23299
20515 23288
20516 23298
20517 23289
20518 23297
20519 23303
20520 23301
20521 23311
20522 23655
20523 23961
20524 23959
20525 23967
20526 23954
20527 23970
20528 23955
20529 23957
20530 23968
20531 23964
20532 23969
20533 23962
20534 23966
20535 24169
20536 24157
20537 24160
20538 24156
20539 32243
20540 24283
20541 24286
20542 24289
20543 24393
20544 24498
20545 24971
20546 24963
20547 24953
20548 25009
20549 25008
20550 24994
20551 24969
20552 24987
20553 24979
20554 25007
20555 25005
20556 24991
20557 24978
20558 25002
20559 24993
20560 24973
20561 24934
20562 25011
20563 25133
20564 25710
20565 25712
20566 25750
20567 25760
20568 25733
20569 25751
20570 25756
20571 25743
20572 25739
20573 25738
20574 25740
20575 25763
20576 25759
20577 25704
20578 25777
20579 25752
20580 25974
20581 25978
20582 25977
20583 25979
20584 26034
20585 26035
20586 26293
20587 26288
20588 26281
20589 26290
20590 26295
20591 26282
20592 26287
20593 27136
20594 27142
20595 27159
20596 27109
20597 27128
20598 27157
20599 27121
20600 27108
20601 27168
20602 27135
20603 27116
20604 27106
20605 27163
20606 27165
20769 27134
20770 27175
20771 27122
20772 27118
20773 27156
20774 27127
20775 27111
20776 27200
20777 27144
20778 27110
20779 27131
20780 27149
20781 27132
20782 27115
20783 27145
20784 27140
20785 27160
20786 27173
20787 27151
20788 27126
20789 27174
20790 27143
20791 27124
20792 27158
20793 27473
20794 27557
20795 27555
20796 27554
20797 27558
20798 27649
20799 27648
20800 27647
20801 27650
20802 28481
20803 28454
20804 28542
20805 28551
20806 28614
20807 28562
20808 28557
20809 28553
20810 28556
20811 28514
20812 28495
20813 28549
20814 28506
20815 28566
20816 28534
20817 28524
20818 28546
20819 28501
20820 28530
20821 28498
20822 28496
20823 28503
20824 28564
20825 28563
20826 28509
20827 28416
20828 28513
20829 28523
20830 28541
20831 28519
20832 28560
20833 28499
20834 28555
20835 28521
20836 28543
20837 28565
20838 28515
20839 28535
20840 28522
20841 28539
20842 29106
20843 29103
20844 29083
20845 29104
20846 29088
20847 29082
20848 29097
20849 29109
20850 29085
20851 29093
20852 29086
20853 29092
20854 29089
20855 29098
20856 29084
20857 29095
20858 29107
20859 29336
20860 29338
20861 29528
20862 29522
21025 29534
21026 29535
21027 29536
21028 29533
21029 29531
21030 29537
21031 29530
21032 29529
21033 29538
21034 29831
21035 29833
21036 29834
21037 29830
21038 29825
21039 29821
21040 29829
21041 29832
21042 29820
21043 29817
21044 29960
21045 29959
21046 30078
21047 30245
21048 30238
21049 30233
21050 30237
21051 30236
21052 30243
21053 30234
21054 30248
21055 30235
21056 30364
21057 30365
21058 30366
21059 30363
21060 30605
21061 30607
21062 30601
21063 30600
21064 30925
21065 30907
21066 30927
21067 30924
21068 30929
21069 30926
21070 30932
21071 30920
21072 30915
21073 30916
21074 30921
21075 31130
21076 31137
21077 31136
21078 31132
21079 31138
21080 31131
21081 27510
21082 31289
21083 31410
21084 31412
21085 31411
21086 31671
21087 31691
21088 31678
21089 31660
21090 31694
21091 31663
21092 31673
21093 31690
21094 31669
21095 31941
21096 31944
21097 31948
21098 31947
21099 32247
21100 32219
21101 32234
21102 32231
21103 32215
21104 32225
21105 32259
21106 32250
21107 32230
21108 32246
21109 32241
21110 32240
21111 32238
21112 32223
21113 32630
21114 32684
21115 32688
21116 32685
21117 32749
21118 32747
21281 32746
21282 32748
21283 32742
21284 32744
21285 32868
21286 32871
21287 33187
21288 33183
21289 33182
21290 33173
21291 33186
21292 33177
21293 33175
21294 33302
21295 33359
21296 33363
21297 33362
21298 33360
21299 33358
21300 33361
21301 34084
21302 34107
21303 34063
21304 34048
21305 34089
21306 34062
21307 34057
21308 34061
21309 34079
21310 34058
21311 34087
21312 34076
21313 34043
21314 34091
21315 34042
21316 34056
21317 34060
21318 34036
21319 34090
21320 34034
21321 34069
21322 34039
21323 34027
21324 34035
21325 34044
21326 34066
21327 34026
21328 34025
21329 34070
21330 34046
21331 34088
21332 34077
21333 34094
21334 34050
21335 34045
21336 34078
21337 34038
21338 34097
21339 34086
21340 34023
21341 34024
21342 34032
21343 34031
21344 34041
21345 34072
21346 34080
21347 34096
21348 34059
21349 34073
21350 34095
21351 34402
21352 34646
21353 34659
21354 34660
21355 34679
21356 34785
21357 34675
21358 34648
21359 34644
21360 34651
21361 34642
21362 34657
21363 34650
21364 34641
21365 34654
21366 34669
21367 34666
21368 34640
21369 34638
21370 34655
21371 34653
21372 34671
21373 34668
21374 34682
21537 34670
21538 34652
21539 34661
21540 34639
21541 34683
21542 34677
21543 34658
21544 34663
21545 34665
21546 34906
21547 35077
21548 35084
21549 35092
21550 35083
21551 35095
21552 35096
21553 35097
21554 35078
21555 35094
21556 35089
21557 35086
21558 35081
21559 35234
21560 35236
21561 35235
21562 35309
21563 35312
21564 35308
21565 35535
21566 35526
21567 35512
21568 35539
21569 35537
21570 35540
21571 35541
21572 35515
21573 35543
21574 35518
21575 35520
21576 35525
21577 35544
21578 35523
21579 35514
21580 35517
21581 35545
21582 35902
21583 35917
21584 35983
21585 36069
21586 36063
21587 36057
21588 36072
21589 36058
21590 36061
21591 36071
21592 36256
21593 36252
21594 36257
21595 36251
21596 36384
21597 36387
21598 36389
21599 36388
21600 36398
21601 36373
21602 36379
21603 36374
21604 36369
21605 36377
21606 36390
21607 36391
21608 36372
21609 36370
21610 36376
21611 36371
21612 36380
21613 36375
21614 36378
21615 36652
21616 36644
21617 36632
21618 36634
21619 36640
21620 36643
21621 36630
21622 36631
21623 36979
21624 36976
21625 36975
21626 36967
21627 36971
21628 37167
21629 37163
21630 37161
21793 37162
21794 37170
21795 37158
21796 37166
21797 37253
21798 37254
21799 37258
21800 37249
21801 37250
21802 37252
21803 37248
21804 37584
21805 37571
21806 37572
21807 37568
21808 37593
21809 37558
21810 37583
21811 37617
21812 37599
21813 37592
21814 37609
21815 37591
21816 37597
21817 37580
21818 37615
21819 37570
21820 37608
21821 37578
21822 37576
21823 37582
21824 37606
21825 37581
21826 37589
21827 37577
21828 37600
21829 37598
21830 37607
21831 37585
21832 37587
21833 37557
21834 37601
21835 37669
21836 37574
21837 37556
21838 38268
21839 38316
21840 38315
21841 38318
21842 38320
21843 38564
21844 38562
21845 38611
21846 38661
21847 38664
21848 38658
21849 38746
21850 38794
21851 38798
21852 38792
21853 38864
21854 38863
21855 38942
21856 38941
21857 38950
21858 38953
21859 38952
21860 38944
21861 38939
21862 38951
21863 39090
21864 39176
21865 39162
21866 39185
21867 39188
21868 39190
21869 39191
21870 39189
21871 39388
21872 39373
21873 39375
21874 39379
21875 39380
21876 39374
21877 39369
21878 39382
21879 39384
21880 39371
21881 39383
21882 39372
21883 39603
21884 39660
21885 39659
21886 39667
22049 39666
22050 39665
22051 39750
22052 39747
22053 39783
22054 39796
22055 39793
22056 39782
22057 39798
22058 39797
22059 39792
22060 39784
22061 39780
22062 39788
22063 40188
22064 40186
22065 40189
22066 40191
22067 40183
22068 40199
22069 40192
22070 40185
22071 40187
22072 40200
22073 40197
22074 40196
22075 40579
22076 40659
22077 40719
22078 40720
22079 20764
22080 20755
22081 20759
22082 20762
22083 20753
22084 20958
22085 21300
22086 21473
22087 22128
22088 22112
22089 22126
22090 22131
22091 22118
22092 22115
22093 22125
22094 22130
22095 22110
22096 22135
22097 22300
22098 22299
22099 22728
22100 22717
22101 22729
22102 22719
22103 22714
22104 22722
22105 22716
22106 22726
22107 23319
22108 23321
22109 23323
22110 23329
22111 23316
22112 23315
22113 23312
22114 23318
22115 23336
22116 23322
22117 23328
22118 23326
22119 23535
22120 23980
22121 23985
22122 23977
22123 23975
22124 23989
22125 23984
22126 23982
22127 23978
22128 23976
22129 23986
22130 23981
22131 23983
22132 23988
22133 24167
22134 24168
22135 24166
22136 24175
22137 24297
22138 24295
22139 24294
22140 24296
22141 24293
22142 24395
22305 24508
22306 24507
22307 24989
22308 25000
22309 24982
22310 25029
22311 25012
22312 25030
22313 25025
22314 25036
22315 25018
22316 25023
22317 25016
22318 24972
22319 25815
22320 25814
22321 25808
22322 25807
22323 25801
22324 25789
22325 25737
22326 25795
22327 25819
22328 25843
22329 25817
22330 25907
22331 25983
22332 25980
22333 26018
22334 26312
22335 26302
22336 26304
22337 26314
22338 26315
22339 26319
22340 26301
22341 26299
22342 26298
22343 26316
22344 26403
22345 27188
22346 27238
22347 27209
22348 27239
22349 27186
22350 27240
22351 27198
22352 27229
22353 27245
22354 27254
22355 27227
22356 27217
22357 27176
22358 27226
22359 27195
22360 27199
22361 27201
22362 27242
22363 27236
22364 27216
22365 27215
22366 27220
22367 27247
22368 27241
22369 27232
22370 27196
22371 27230
22372 27222
22373 27221
22374 27213
22375 27214
22376 27206
22377 27477
22378 27476
22379 27478
22380 27559
22381 27562
22382 27563
22383 27592
22384 27591
22385 27652
22386 27651
22387 27654
22388 28589
22389 28619
22390 28579
22391 28615
22392 28604
22393 28622
22394 28616
22395 28510
22396 28612
22397 28605
22398 28574
22561 28618
22562 28584
22563 28676
22564 28581
22565 28590
22566 28602
22567 28588
22568 28586
22569 28623
22570 28607
22571 28600
22572 28578
22573 28617
22574 28587
22575 28621
22576 28591
22577 28594
22578 28592
22579 29125
22580 29122
22581 29119
22582 29112
22583 29142
22584 29120
22585 29121
22586 29131
22587 29140
22588 29130
22589 29127
22590 29135
22591 29117
22592 29144
22593 29116
22594 29126
22595 29146
22596 29147
22597 29341
22598 29342
22599 29545
22600 29542
22601 29543
22602 29548
22603 29541
22604 29547
22605 29546
22606 29823
22607 29850
22608 29856
22609 29844
22610 29842
22611 29845
22612 29857
22613 29963
22614 30080
22615 30255
22616 30253
22617 30257
22618 30269
22619 30259
22620 30268
22621 30261
22622 30258
22623 30256
22624 30395
22625 30438
22626 30618
22627 30621
22628 30625
22629 30620
22630 30619
22631 30626
22632 30627
22633 30613
22634 30617
22635 30615
22636 30941
22637 30953
22638 30949
22639 30954
22640 30942
22641 30947
22642 30939
22643 30945
22644 30946
22645 30957
22646 30943
22647 30944
22648 31140
22649 31300
22650 31304
22651 31303
22652 31414
22653 31416
22654 31413
22817 31409
22818 31415
22819 31710
22820 31715
22821 31719
22822 31709
22823 31701
22824 31717
22825 31706
22826 31720
22827 31737
22828 31700
22829 31722
22830 31714
22831 31708
22832 31723
22833 31704
22834 31711
22835 31954
22836 31956
22837 31959
22838 31952
22839 31953
22840 32274
22841 32289
22842 32279
22843 32268
22844 32287
22845 32288
22846 32275
22847 32270
22848 32284
22849 32277
22850 32282
22851 32290
22852 32267
22853 32271
22854 32278
22855 32269
22856 32276
22857 32293
22858 32292
22859 32579
22860 32635
22861 32636
22862 32634
22863 32689
22864 32751
22865 32810
22866 32809
22867 32876
22868 33201
22869 33190
22870 33198
22871 33209
22872 33205
22873 33195
22874 33200
22875 33196
22876 33204
22877 33202
22878 33207
22879 33191
22880 33266
22881 33365
22882 33366
22883 33367
22884 34134
22885 34117
22886 34155
22887 34125
22888 34131
22889 34145
22890 34136
22891 34112
22892 34118
22893 34148
22894 34113
22895 34146
22896 34116
22897 34129
22898 34119
22899 34147
22900 34110
22901 34139
22902 34161
22903 34126
22904 34158
22905 34165
22906 34133
22907 34151
22908 34144
22909 34188
22910 34150
23073 34141
23074 34132
23075 34149
23076 34156
23077 34403
23078 34405
23079 34404
23080 34724
23081 34715
23082 34703
23083 34711
23084 34707
23085 34706
23086 34696
23087 34689
23088 34710
23089 34712
23090 34681
23091 34695
23092 34723
23093 34693
23094 34704
23095 34705
23096 34717
23097 34692
23098 34708
23099 34716
23100 34714
23101 34697
23102 35102
23103 35110
23104 35120
23105 35117
23106 35118
23107 35111
23108 35121
23109 35106
23110 35113
23111 35107
23112 35119
23113 35116
23114 35103
23115 35313
23116 35552
23117 35554
23118 35570
23119 35572
23120 35573
23121 35549
23122 35604
23123 35556
23124 35551
23125 35568
23126 35528
23127 35550
23128 35553
23129 35560
23130 35583
23131 35567
23132 35579
23133 35985
23134 35986
23135 35984
23136 36085
23137 36078
23138 36081
23139 36080
23140 36083
23141 36204
23142 36206
23143 36261
23144 36263
23145 36403
23146 36414
23147 36408
23148 36416
23149 36421
23150 36406
23151 36412
23152 36413
23153 36417
23154 36400
23155 36415
23156 36541
23157 36662
23158 36654
23159 36661
23160 36658
23161 36665
23162 36663
23163 36660
23164 36982
23165 36985
23166 36987
23329 36998
23330 37114
23331 37171
23332 37173
23333 37174
23334 37267
23335 37264
23336 37265
23337 37261
23338 37263
23339 37671
23340 37662
23341 37640
23342 37663
23343 37638
23344 37647
23345 37754
23346 37688
23347 37692
23348 37659
23349 37667
23350 37650
23351 37633
23352 37702
23353 37677
23354 37646
23355 37645
23356 37579
23357 37661
23358 37626
23359 37651
23360 37625
23361 37623
23362 37684
23363 37634
23364 37668
23365 37631
23366 37673
23367 37689
23368 37685
23369 37674
23370 37652
23371 37644
23372 37643
23373 37630
23374 37641
23375 37632
23376 37627
23377 37654
23378 38332
23379 38349
23380 38334
23381 38329
23382 38330
23383 38326
23384 38335
23385 38325
23386 38333
23387 38569
23388 38612
23389 38667
23390 38674
23391 38672
23392 38809
23393 38807
23394 38804
23395 38896
23396 38904
23397 38965
23398 38959
23399 38962
23400 39204
23401 39199
23402 39207
23403 39209
23404 39326
23405 39406
23406 39404
23407 39397
23408 39396
23409 39408
23410 39395
23411 39402
23412 39401
23413 39399
23414 39609
23415 39615
23416 39604
23417 39611
23418 39670
23419 39674
23420 39673
23421 39671
23422 39731
23585 39808
23586 39813
23587 39815
23588 39804
23589 39806
23590 39803
23591 39810
23592 39827
23593 39826
23594 39824
23595 39802
23596 39829
23597 39805
23598 39816
23599 40229
23600 40215
23601 40224
23602 40222
23603 40212
23604 40233
23605 40221
23606 40216
23607 40226
23608 40208
23609 40217
23610 40223
23611 40584
23612 40582
23613 40583
23614 40622
23615 40621
23616 40661
23617 40662
23618 40698
23619 40722
23620 40765
23621 20774
23622 20773
23623 20770
23624 20772
23625 20768
23626 20777
23627 21236
23628 22163
23629 22156
23630 22157
23631 22150
23632 22148
23633 22147
23634 22142
23635 22146
23636 22143
23637 22145
23638 22742
23639 22740
23640 22735
23641 22738
23642 23341
23643 23333
23644 23346
23645 23331
23646 23340
23647 23335
23648 23334
23649 23343
23650 23342
23651 23419
23652 23537
23653 23538
23654 23991
23655 24172
23656 24170
23657 24510
23658 25027
23659 25013
23660 25020
23661 25063
23662 25056
23663 25061
23664 25060
23665 25064
23666 25054
23667 25839
23668 25833
23669 25827
23670 25835
23671 25828
23672 25832
23673 25985
23674 25984
23675 26038
23676 26074
23677 26322
23678 27277
23841 27286
23842 27265
23843 27301
23844 27273
23845 27295
23846 27291
23847 27297
23848 27294
23849 27271
23850 27283
23851 27278
23852 27285
23853 27267
23854 27304
23855 27300
23856 27281
23857 27263
23858 27302
23859 27290
23860 27269
23861 27276
23862 27282
23863 27483
23864 27565
23865 27657
23866 28620
23867 28585
23868 28660
23869 28628
23870 28643
23871 28636
23872 28653
23873 28647
23874 28646
23875 28638
23876 28658
23877 28637
23878 28642
23879 28648
23880 29153
23881 29169
23882 29160
23883 29170
23884 29156
23885 29168
23886 29154
23887 29555
23888 29550
23889 29551
23890 29847
23891 29874
23892 29867
23893 29840
23894 29866
23895 29869
23896 29873
23897 29861
23898 29871
23899 29968
23900 29969
23901 29970
23902 29967
23903 30084
23904 30275
23905 30280
23906 30281
23907 30279
23908 30372
23909 30441
23910 30645
23911 30635
23912 30642
23913 30647
23914 30646
23915 30644
23916 30641
23917 30632
23918 30704
23919 30963
23920 30973
23921 30978
23922 30971
23923 30972
23924 30975
23925 30962
23926 30981
23927 30969
23928 30974
23929 30980
23930 31147
23931 31144
23932 31324
23933 31323
23934 31318
24097 31320
24098 31316
24099 31322
24100 31422
24101 31424
24102 31425
24103 31749
24104 31759
24105 31730
24106 31744
24107 31743
24108 31739
24109 31758
24110 31732
24111 31755
24112 31731
24113 31746
24114 31753
24115 31747
24116 31745
24117 31736
24118 31741
24119 31750
24120 31728
24121 31729
24122 31760
24123 31754
24124 31976
24125 32301
24126 32316
24127 32322
24128 32307
24129 38984
24130 32312
24131 32298
24132 32329
24133 32320
24134 32327
24135 32297
24136 32332
24137 32304
24138 32315
24139 32310
24140 32324
24141 32314
24142 32581
24143 32639
24144 32638
24145 32637
24146 32756
24147 32754
24148 32812
24149 33211
24150 33220
24151 33228
24152 33226
24153 33221
24154 33223
24155 33212
24156 33257
24157 33371
24158 33370
24159 33372
24160 34179
24161 34176
24162 34191
24163 34215
24164 34197
24165 34208
24166 34187
24167 34211
24168 34171
24169 34212
24170 34202
24171 34206
24172 34167
24173 34172
24174 34185
24175 34209
24176 34170
24177 34168
24178 34135
24179 34190
24180 34198
24181 34182
24182 34189
24183 34201
24184 34205
24185 34177
24186 34210
24187 34178
24188 34184
24189 34181
24190 34169
24353 34166
24354 34200
24355 34192
24356 34207
24357 34408
24358 34750
24359 34730
24360 34733
24361 34757
24362 34736
24363 34732
24364 34745
24365 34741
24366 34748
24367 34734
24368 34761
24369 34755
24370 34754
24371 34764
24372 34743
24373 34735
24374 34756
24375 34762
24376 34740
24377 34742
24378 34751
24379 34744
24380 34749
24381 34782
24382 34738
24383 35125
24384 35123
24385 35132
24386 35134
24387 35137
24388 35154
24389 35127
24390 35138
24391 35245
24392 35247
24393 35246
24394 35314
24395 35315
24396 35614
24397 35608
24398 35606
24399 35601
24400 35589
24401 35595
24402 35618
24403 35599
24404 35602
24405 35605
24406 35591
24407 35597
24408 35592
24409 35590
24410 35612
24411 35603
24412 35610
24413 35919
24414 35952
24415 35954
24416 35953
24417 35951
24418 35989
24419 35988
24420 36089
24421 36207
24422 36430
24423 36429
24424 36435
24425 36432
24426 36428
24427 36423
24428 36675
24429 36672
24430 36997
24431 36990
24432 37176
24433 37274
24434 37282
24435 37275
24436 37273
24437 37279
24438 37281
24439 37277
24440 37280
24441 37793
24442 37763
24443 37807
24444 37732
24445 37718
24446 37703
24609 37756
24610 37720
24611 37724
24612 37750
24613 37705
24614 37712
24615 37713
24616 37728
24617 37741
24618 37775
24619 37708
24620 37738
24621 37753
24622 37719
24623 37717
24624 37714
24625 37711
24626 37745
24627 37751
24628 37755
24629 37729
24630 37726
24631 37731
24632 37735
24633 37710
24634 37721
24635 38343
24636 38336
24637 38345
24638 38339
24639 38341
24640 38327
24641 38574
24642 38576
24643 38572
24644 38688
24645 38687
24646 38680
24647 38685
24648 38681
24649 38810
24650 38817
24651 38812
24652 38814
24653 38813
24654 38869
24655 38868
24656 38897
24657 38977
24658 38980
24659 38986
24660 38985
24661 38981
24662 38979
24663 39205
24664 39211
24665 39212
24666 39210
24667 39219
24668 39218
24669 39215
24670 39213
24671 39217
24672 39216
24673 39320
24674 39331
24675 39329
24676 39426
24677 39418
24678 39412
24679 39415
24680 39417
24681 39416
24682 39414
24683 39419
24684 39421
24685 39422
24686 39420
24687 39427
24688 39614
24689 39678
24690 39677
24691 39681
24692 39676
24693 39752
24694 39834
24695 39848
24696 39838
24697 39835
24698 39846
24699 39841
24700 39845
24701 39844
24702 39814
24865 39842
24866 39840
24867 39855
24868 40243
24869 40257
24870 40295
24871 40246
24872 40238
24873 40239
24874 40241
24875 40248
24876 40240
24877 40261
24878 40258
24879 40259
24880 40254
24881 40247
24882 40256
24883 40253
24884 32757
24885 40237
24886 40586
24887 40585
24888 40589
24889 40624
24890 40648
24891 40666
24892 40699
24893 40703
24894 40740
24895 40739
24896 40738
24897 40788
24898 40864
24899 20785
24900 20781
24901 20782
24902 22168
24903 22172
24904 22167
24905 22170
24906 22173
24907 22169
24908 22896
24909 23356
24910 23657
24911 23658
24912 24000
24913 24173
24914 24174
24915 25048
24916 25055
24917 25069
24918 25070
24919 25073
24920 25066
24921 25072
24922 25067
24923 25046
24924 25065
24925 25855
24926 25860
24927 25853
24928 25848
24929 25857
24930 25859
24931 25852
24932 26004
24933 26075
24934 26330
24935 26331
24936 26328
24937 27333
24938 27321
24939 27325
24940 27361
24941 27334
24942 27322
24943 27318
24944 27319
24945 27335
24946 27316
24947 27309
24948 27486
24949 27593
24950 27659
24951 28679
24952 28684
24953 28685
24954 28673
24955 28677
24956 28692
24957 28686
24958 28671
25121 28672
25122 28667
25123 28710
25124 28668
25125 28663
25126 28682
25127 29185
25128 29183
25129 29177
25130 29187
25131 29181
25132 29558
25133 29880
25134 29888
25135 29877
25136 29889
25137 29886
25138 29878
25139 29883
25140 29890
25141 29972
25142 29971
25143 30300
25144 30308
25145 30297
25146 30288
25147 30291
25148 30295
25149 30298
25150 30374
25151 30397
25152 30444
25153 30658
25154 30650
25155 30988
25156 30995
25157 30996
25158 30985
25159 30992
25160 30994
25161 30993
25162 31149
25163 31148
25164 31327
25165 31772
25166 31785
25167 31769
25168 31776
25169 31775
25170 31789
25171 31773
25172 31782
25173 31784
25174 31778
25175 31781
25176 31792
25177 32348
25178 32336
25179 32342
25180 32355
25181 32344
25182 32354
25183 32351
25184 32337
25185 32352
25186 32343
25187 32339
25188 32693
25189 32691
25190 32759
25191 32760
25192 32885
25193 33233
25194 33234
25195 33232
25196 33375
25197 33374
25198 34228
25199 34246
25200 34240
25201 34243
25202 34242
25203 34227
25204 34229
25205 34237
25206 34247
25207 34244
25208 34239
25209 34251
25210 34254
25211 34248
25212 34245
25213 34225
25214 34230
25377 34258
25378 34340
25379 34232
25380 34231
25381 34238
25382 34409
25383 34791
25384 34790
25385 34786
25386 34779
25387 34795
25388 34794
25389 34789
25390 34783
25391 34803
25392 34788
25393 34772
25394 34780
25395 34771
25396 34797
25397 34776
25398 34787
25399 34775
25400 34777
25401 34817
25402 34804
25403 34792
25404 34781
25405 35155
25406 35147
25407 35151
25408 35148
25409 35142
25410 35152
25411 35153
25412 35145
25413 35626
25414 35623
25415 35619
25416 35635
25417 35632
25418 35637
25419 35655
25420 35631
25421 35644
25422 35646
25423 35633
25424 35621
25425 35639
25426 35622
25427 35638
25428 35630
25429 35620
25430 35643
25431 35645
25432 35642
25433 35906
25434 35957
25435 35993
25436 35992
25437 35991
25438 36094
25439 36100
25440 36098
25441 36096
25442 36444
25443 36450
25444 36448
25445 36439
25446 36438
25447 36446
25448 36453
25449 36455
25450 36443
25451 36442
25452 36449
25453 36445
25454 36457
25455 36436
25456 36678
25457 36679
25458 36680
25459 36683
25460 37160
25461 37178
25462 37179
25463 37182
25464 37288
25465 37285
25466 37287
25467 37295
25468 37290
25469 37813
25470 37772
25633 37778
25634 37815
25635 37787
25636 37789
25637 37769
25638 37799
25639 37774
25640 37802
25641 37790
25642 37798
25643 37781
25644 37768
25645 37785
25646 37791
25647 37760
25648 37773
25649 37809
25650 37777
25651 37810
25652 37796
25653 37800
25654 37812
25655 37795
25656 38354
25657 38355
25658 38353
25659 38579
25660 38615
25661 38618
25662 24002
25663 38623
25664 38616
25665 38621
25666 38691
25667 38690
25668 38693
25669 38828
25670 38830
25671 38824
25672 38827
25673 38820
25674 38826
25675 38818
25676 38821
25677 38871
25678 38873
25679 38870
25680 38872
25681 38906
25682 38992
25683 38993
25684 38994
25685 39096
25686 39233
25687 39228
25688 39226
25689 39439
25690 39435
25691 39433
25692 39437
25693 39428
25694 39441
25695 39434
25696 39429
25697 39431
25698 39430
25699 39616
25700 39644
25701 39688
25702 39684
25703 39685
25704 39721
25705 39733
25706 39754
25707 39756
25708 39755
25709 39879
25710 39878
25711 39875
25712 39871
25713 39873
25714 39861
25715 39864
25716 39891
25717 39862
25718 39876
25719 39865
25720 39869
25721 40284
25722 40275
25723 40271
25724 40266
25725 40283
25726 40267
25889 40281
25890 40278
25891 40268
25892 40279
25893 40274
25894 40276
25895 40287
25896 40280
25897 40282
25898 40590
25899 40588
25900 40671
25901 40705
25902 40704
25903 40726
25904 40741
25905 40747
25906 40746
25907 40745
25908 40744
25909 40780
25910 40789
25911 20788
25912 20789
25913 21142
25914 21239
25915 21428
25916 22187
25917 22189
25918 22182
25919 22183
25920 22186
25921 22188
25922 22746
25923 22749
25924 22747
25925 22802
25926 23357
25927 23358
25928 23359
25929 24003
25930 24176
25931 24511
25932 25083
25933 25863
25934 25872
25935 25869
25936 25865
25937 25868
25938 25870
25939 25988
25940 26078
25941 26077
25942 26334
25943 27367
25944 27360
25945 27340
25946 27345
25947 27353
25948 27339
25949 27359
25950 27356
25951 27344
25952 27371
25953 27343
25954 27341
25955 27358
25956 27488
25957 27568
25958 27660
25959 28697
25960 28711
25961 28704
25962 28694
25963 28715
25964 28705
25965 28706
25966 28707
25967 28713
25968 28695
25969 28708
25970 28700
25971 29196
25972 29194
25973 29191
25974 29186
25975 29189
25976 29349
25977 29350
25978 29348
25979 29347
25980 29345
25981 29899
25982 29893
26145 29879
26146 29891
26147 29974
26148 30304
26149 30665
26150 30666
26151 30660
26152 30705
26153 31005
26154 31003
26155 31009
26156 31004
26157 30999
26158 31006
26159 31152
26160 31335
26161 31336
26162 31795
26163 31804
26164 31801
26165 31788
26166 31803
26167 31980
26168 31978
26169 32374
26170 32373
26171 32376
26172 32368
26173 32375
26174 32367
26175 32378
26176 32370
26177 32372
26178 32360
26179 32587
26180 32586
26181 32643
26182 32646
26183 32695
26184 32765
26185 32766
26186 32888
26187 33239
26188 33237
26189 33291
26190 33380
26191 33377
26192 33379
26193 34283
26194 34289
26195 34285
26196 34265
26197 34273
26198 34280
26199 34266
26200 34263
26201 34284
26202 34290
26203 34296
26204 34264
26205 34271
26206 34275
26207 34268
26208 34257
26209 34288
26210 34278
26211 34287
26212 34270
26213 34274
26214 34816
26215 34810
26216 34819
26217 34806
26218 34807
26219 34825
26220 34828
26221 34827
26222 34822
26223 34812
26224 34824
26225 34815
26226 34826
26227 34818
26228 35170
26229 35162
26230 35163
26231 35159
26232 35169
26233 35164
26234 35160
26235 35165
26236 35161
26237 35208
26238 35255
26401 35254
26402 35318
26403 35664
26404 35656
26405 35658
26406 35648
26407 35667
26408 35670
26409 35668
26410 35659
26411 35669
26412 35665
26413 35650
26414 35666
26415 35671
26416 35907
26417 35959
26418 35958
26419 35994
26420 36102
26421 36103
26422 36105
26423 36268
26424 36266
26425 36269
26426 36267
26427 36461
26428 36472
26429 36467
26430 36458
26431 36463
26432 36475
26433 36546
26434 36690
26435 36689
26436 36687
26437 36688
26438 36691
26439 36788
26440 37184
26441 37183
26442 37296
26443 37293
26444 37854
26445 37831
26446 37839
26447 37826
26448 37850
26449 37840
26450 37881
26451 37868
26452 37836
26453 37849
26454 37801
26455 37862
26456 37834
26457 37844
26458 37870
26459 37859
26460 37845
26461 37828
26462 37838
26463 37824
26464 37842
26465 37797
26466 37863
26467 38269
26468 38362
26469 38363
26470 38625
26471 38697
26472 38699
26473 38700
26474 38696
26475 38694
26476 38835
26477 38839
26478 38838
26479 38877
26480 38878
26481 38879
26482 39004
26483 39001
26484 39005
26485 38999
26486 39103
26487 39101
26488 39099
26489 39102
26490 39240
26491 39239
26492 39235
26493 39334
26494 39335
26657 39450
26658 39445
26659 39461
26660 39453
26661 39460
26662 39451
26663 39458
26664 39456
26665 39463
26666 39459
26667 39454
26668 39452
26669 39444
26670 39618
26671 39691
26672 39690
26673 39694
26674 39692
26675 39735
26676 39914
26677 39915
26678 39904
26679 39902
26680 39908
26681 39910
26682 39906
26683 39920
26684 39892
26685 39895
26686 39916
26687 39900
26688 39897
26689 39909
26690 39893
26691 39905
26692 39898
26693 40311
26694 40321
26695 40330
26696 40324
26697 40328
26698 40305
26699 40320
26700 40312
26701 40326
26702 40331
26703 40332
26704 40317
26705 40299
26706 40308
26707 40309
26708 40304
26709 40297
26710 40325
26711 40307
26712 40315
26713 40322
26714 40303
26715 40313
26716 40319
26717 40327
26718 40296
26719 40596
26720 40593
26721 40640
26722 40700
26723 40749
26724 40768
26725 40769
26726 40781
26727 40790
26728 40791
26729 40792
26730 21303
26731 22194
26732 22197
26733 22195
26734 22755
26735 23365
26736 24006
26737 24007
26738 24302
26739 24303
26740 24512
26741 24513
26742 25081
26743 25879
26744 25878
26745 25877
26746 25875
26747 26079
26748 26344
26749 26339
26750 26340
26913 27379
26914 27376
26915 27370
26916 27368
26917 27385
26918 27377
26919 27374
26920 27375
26921 28732
26922 28725
26923 28719
26924 28727
26925 28724
26926 28721
26927 28738
26928 28728
26929 28735
26930 28730
26931 28729
26932 28714
26933 28736
26934 28731
26935 28723
26936 28737
26937 29203
26938 29204
26939 29352
26940 29565
26941 29564
26942 29882
26943 30379
26944 30378
26945 30398
26946 30445
26947 30668
26948 30670
26949 30671
26950 30669
26951 30706
26952 31013
26953 31011
26954 31015
26955 31016
26956 31012
26957 31017
26958 31154
26959 31342
26960 31340
26961 31341
26962 31479
26963 31817
26964 31816
26965 31818
26966 31815
26967 31813
26968 31982
26969 32379
26970 32382
26971 32385
26972 32384
26973 32698
26974 32767
26975 32889
26976 33243
26977 33241
26978 33384
26979 33385
26980 34338
26981 34303
26982 34305
26983 34302
26984 34331
26985 34304
26986 34294
26987 34308
26988 34313
26989 34309
26990 34316
26991 34301
26992 34841
26993 34832
26994 34833
26995 34839
26996 34835
26997 34838
26998 35171
26999 35174
27000 35257
27001 35319
27002 35680
27003 35690
27004 35677
27005 35688
27006 35683
27169 35685
27170 35687
27171 35693
27172 36270
27173 36486
27174 36488
27175 36484
27176 36697
27177 36694
27178 36695
27179 36693
27180 36696
27181 36698
27182 37005
27183 37187
27184 37185
27185 37303
27186 37301
27187 37298
27188 37299
27189 37899
27190 37907
27191 37883
27192 37920
27193 37903
27194 37908
27195 37886
27196 37909
27197 37904
27198 37928
27199 37913
27200 37901
27201 37877
27202 37888
27203 37879
27204 37895
27205 37902
27206 37910
27207 37906
27208 37882
27209 37897
27210 37880
27211 37948
27212 37898
27213 37887
27214 37884
27215 37900
27216 37878
27217 37905
27218 37894
27219 38366
27220 38368
27221 38367
27222 38702
27223 38703
27224 38841
27225 38843
27226 38909
27227 38910
27228 39008
27229 39010
27230 39011
27231 39007
27232 39105
27233 39106
27234 39248
27235 39246
27236 39257
27237 39244
27238 39243
27239 39251
27240 39474
27241 39476
27242 39473
27243 39468
27244 39466
27245 39478
27246 39465
27247 39470
27248 39480
27249 39469
27250 39623
27251 39626
27252 39622
27253 39696
27254 39698
27255 39697
27256 39947
27257 39944
27258 39927
27259 39941
27260 39954
27261 39928
27262 40000
27425 39943
27426 39950
27427 39942
27428 39959
27429 39956
27430 39945
27431 40351
27432 40345
27433 40356
27434 40349
27435 40338
27436 40344
27437 40336
27438 40347
27439 40352
27440 40340
27441 40348
27442 40362
27443 40343
27444 40353
27445 40346
27446 40354
27447 40360
27448 40350
27449 40355
27450 40383
27451 40361
27452 40342
27453 40358
27454 40359
27455 40601
27456 40603
27457 40602
27458 40677
27459 40676
27460 40679
27461 40678
27462 40752
27463 40750
27464 40795
27465 40800
27466 40798
27467 40797
27468 40793
27469 40849
27470 20794
27471 20793
27472 21144
27473 21143
27474 22211
27475 22205
27476 22206
27477 23368
27478 23367
27479 24011
27480 24015
27481 24305
27482 25085
27483 25883
27484 27394
27485 27388
27486 27395
27487 27384
27488 27392
27489 28739
27490 28740
27491 28746
27492 28744
27493 28745
27494 28741
27495 28742
27496 29213
27497 29210
27498 29209
27499 29566
27500 29975
27501 30314
27502 30672
27503 31021
27504 31025
27505 31023
27506 31828
27507 31827
27508 31986
27509 32394
27510 32391
27511 32392
27512 32395
27513 32390
27514 32397
27515 32589
27516 32699
27517 32816
27518 33245
27681 34328
27682 34346
27683 34342
27684 34335
27685 34339
27686 34332
27687 34329
27688 34343
27689 34350
27690 34337
27691 34336
27692 34345
27693 34334
27694 34341
27695 34857
27696 34845
27697 34843
27698 34848
27699 34852
27700 34844
27701 34859
27702 34890
27703 35181
27704 35177
27705 35182
27706 35179
27707 35322
27708 35705
27709 35704
27710 35653
27711 35706
27712 35707
27713 36112
27714 36116
27715 36271
27716 36494
27717 36492
27718 36702
27719 36699
27720 36701
27721 37190
27722 37188
27723 37189
27724 37305
27725 37951
27726 37947
27727 37942
27728 37929
27729 37949
27730 37936
27731 37945
27732 37930
27733 37943
27734 37932
27735 37952
27736 37937
27737 38373
27738 38372
27739 38371
27740 38709
27741 38714
27742 38847
27743 38881
27744 39012
27745 39113
27746 39110
27747 39104
27748 39256
27749 39254
27750 39481
27751 39485
27752 39494
27753 39492
27754 39490
27755 39489
27756 39482
27757 39487
27758 39629
27759 39701
27760 39703
27761 39704
27762 39702
27763 39738
27764 39762
27765 39979
27766 39965
27767 39964
27768 39980
27769 39971
27770 39976
27771 39977
27772 39972
27773 39969
27774 40375
27937 40374
27938 40380
27939 40385
27940 40391
27941 40394
27942 40399
27943 40382
27944 40389
27945 40387
27946 40379
27947 40373
27948 40398
27949 40377
27950 40378
27951 40364
27952 40392
27953 40369
27954 40365
27955 40396
27956 40371
27957 40397
27958 40370
27959 40570
27960 40604
27961 40683
27962 40686
27963 40685
27964 40731
27965 40728
27966 40730
27967 40753
27968 40782
27969 40805
27970 40804
27971 40850
27972 20153
27973 22214
27974 22213
27975 22219
27976 22897
27977 23371
27978 23372
27979 24021
27980 24017
27981 24306
27982 25889
27983 25888
27984 25894
27985 25890
27986 27403
27987 27400
27988 27401
27989 27661
27990 28757
27991 28758
27992 28759
27993 28754
27994 29214
27995 29215
27996 29353
27997 29567
27998 29912
27999 29909
28000 29913
28001 29911
28002 30317
28003 30381
28004 31029
28005 31156
28006 31344
28007 31345
28008 31831
28009 31836
28010 31833
28011 31835
28012 31834
28013 31988
28014 31985
28015 32401
28016 32591
28017 32647
28018 33246
28019 33387
28020 34356
28021 34357
28022 34355
28023 34348
28024 34354
28025 34358
28026 34860
28027 34856
28028 34854
28029 34858
28030 34853
28193 35185
28194 35263
28195 35262
28196 35323
28197 35710
28198 35716
28199 35714
28200 35718
28201 35717
28202 35711
28203 36117
28204 36501
28205 36500
28206 36506
28207 36498
28208 36496
28209 36502
28210 36503
28211 36704
28212 36706
28213 37191
28214 37964
28215 37968
28216 37962
28217 37963
28218 37967
28219 37959
28220 37957
28221 37960
28222 37961
28223 37958
28224 38719
28225 38883
28226 39018
28227 39017
28228 39115
28229 39252
28230 39259
28231 39502
28232 39507
28233 39508
28234 39500
28235 39503
28236 39496
28237 39498
28238 39497
28239 39506
28240 39504
28241 39632
28242 39705
28243 39723
28244 39739
28245 39766
28246 39765
28247 40006
28248 40008
28249 39999
28250 40004
28251 39993
28252 39987
28253 40001
28254 39996
28255 39991
28256 39988
28257 39986
28258 39997
28259 39990
28260 40411
28261 40402
28262 40414
28263 40410
28264 40395
28265 40400
28266 40412
28267 40401
28268 40415
28269 40425
28270 40409
28271 40408
28272 40406
28273 40437
28274 40405
28275 40413
28276 40630
28277 40688
28278 40757
28279 40755
28280 40754
28281 40770
28282 40811
28283 40853
28284 40866
28285 20797
28286 21145
28449 22760
28450 22759
28451 22898
28452 23373
28453 24024
28454 34863
28455 24399
28456 25089
28457 25091
28458 25092
28459 25897
28460 25893
28461 26006
28462 26347
28463 27409
28464 27410
28465 27407
28466 27594
28467 28763
28468 28762
28469 29218
28470 29570
28471 29569
28472 29571
28473 30320
28474 30676
28475 31847
28476 31846
28477 32405
28478 33388
28479 34362
28480 34368
28481 34361
28482 34364
28483 34353
28484 34363
28485 34366
28486 34864
28487 34866
28488 34862
28489 34867
28490 35190
28491 35188
28492 35187
28493 35326
28494 35724
28495 35726
28496 35723
28497 35720
28498 35909
28499 36121
28500 36504
28501 36708
28502 36707
28503 37308
28504 37986
28505 37973
28506 37981
28507 37975
28508 37982
28509 38852
28510 38853
28511 38912
28512 39510
28513 39513
28514 39710
28515 39711
28516 39712
28517 40018
28518 40024
28519 40016
28520 40010
28521 40013
28522 40011
28523 40021
28524 40025
28525 40012
28526 40014
28527 40443
28528 40439
28529 40431
28530 40419
28531 40427
28532 40440
28533 40420
28534 40438
28535 40417
28536 40430
28537 40422
28538 40434
28539 40432
28540 40418
28541 40428
28542 40436
28705 40435
28706 40424
28707 40429
28708 40642
28709 40656
28710 40690
28711 40691
28712 40710
28713 40732
28714 40760
28715 40759
28716 40758
28717 40771
28718 40783
28719 40817
28720 40816
28721 40814
28722 40815
28723 22227
28724 22221
28725 23374
28726 23661
28727 25901
28728 26349
28729 26350
28730 27411
28731 28767
28732 28769
28733 28765
28734 28768
28735 29219
28736 29915
28737 29925
28738 30677
28739 31032
28740 31159
28741 31158
28742 31850
28743 32407
28744 32649
28745 33389
28746 34371
28747 34872
28748 34871
28749 34869
28750 34891
28751 35732
28752 35733
28753 36510
28754 36511
28755 36512
28756 36509
28757 37310
28758 37309
28759 37314
28760 37995
28761 37992
28762 37993
28763 38629
28764 38726
28765 38723
28766 38727
28767 38855
28768 38885
28769 39518
28770 39637
28771 39769
28772 40035
28773 40039
28774 40038
28775 40034
28776 40030
28777 40032
28778 40450
28779 40446
28780 40455
28781 40451
28782 40454
28783 40453
28784 40448
28785 40449
28786 40457
28787 40447
28788 40445
28789 40452
28790 40608
28791 40734
28792 40774
28793 40820
28794 40821
28795 40822
28796 22228
28797 25902
28798 26040
28961 27416
28962 27417
28963 27415
28964 27418
28965 28770
28966 29222
28967 29354
28968 30680
28969 30681
28970 31033
28971 31849
28972 31851
28973 31990
28974 32410
28975 32408
28976 32411
28977 32409
28978 33248
28979 33249
28980 34374
28981 34375
28982 34376
28983 35193
28984 35194
28985 35196
28986 35195
28987 35327
28988 35736
28989 35737
28990 36517
28991 36516
28992 36515
28993 37998
28994 37997
28995 37999
28996 38001
28997 38003
28998 38729
28999 39026
29000 39263
29001 40040
29002 40046
29003 40045
29004 40459
29005 40461
29006 40464
29007 40463
29008 40466
29009 40465
29010 40609
29011 40693
29012 40713
29013 40775
29014 40824
29015 40827
29016 40826
29017 40825
29018 22302
29019 28774
29020 31855
29021 34876
29022 36274
29023 36518
29024 37315
29025 38004
29026 38008
29027 38006
29028 38005
29029 39520
29030 39726
29031 40052
29032 40051
29033 40049
29034 40053
29035 40468
29036 40467
29037 40694
29038 40714
29039 40868
29040 28776
29041 28773
29042 31991
29043 34410
29044 34878
29045 34877
29046 34879
29047 35742
29048 35996
29049 36521
29050 36553
29051 38731
29052 39027
29053 39028
29054 39116
29217 39265
29218 39339
29219 39524
29220 39526
29221 39527
29222 39716
29223 40469
29224 40471
29225 40776
29226 25095
29227 27422
29228 29223
29229 34380
29230 36520
29231 38018
29232 38016
29233 38017
29234 39529
29235 39528
29236 40473
29237 34379
29238 35743
29239 38019
29240 40057
29241 40631
29242 30325
29243 39531
29244 40058
29245 40477
29246 28777
29247 28778
29248 29225
29249 40612
29250 40830
29251 40777
29252 40856
