# This file was auto-generated from "aix-CNS11643.1986_1-4.3.6.ucm"
# by "codepage-parser.pwn", (c) MPL 1.1, Alex "Y_Less" Cole, 2022.
#
# Lines with a single number denote bytes that are followed by a second byte to
# create a DCBS pair.
#
# Lines with two numbers are byte sequence to unicode equivalent.

# DBCS Lead Bytes
33
34
35
36
37
38
39
40
41
66
68
69
70
71
72
73
74
75
76
77
78
79
80
81
82
83
84
85
86
87
88
89
90
91
92
93
94
95
96
97
98
99
100
101
102
103
104
105
106
107
108
109
110
111
112
113
114
115
116
117
118
119
120
121
122
123
124
125

# Single Byte Codes

# Double Byte Codes
8481 12288
8482 65292
8483 12289
8484 12290
8485 65294
8486 12539
8487 65307
8488 65306
8489 65311
8490 65281
8491 65072
8492 8230
8493 8229
8494 65104
8495 65105
8496 65106
8497 183
8498 65108
8499 65109
8500 65110
8501 65111
8502 65073
8503 8213
8504 65074
8505 65112
8506 63697
8507 63696
8508 63695
8509 63694
8510 65288
8511 65289
8512 65077
8513 65078
8514 65371
8515 65373
8516 65079
8517 65080
8518 12308
8519 12309
8520 65081
8521 65082
8522 12304
8523 12305
8524 65083
8525 65084
8526 12298
8527 12299
8528 65085
8529 65086
8530 12296
8531 12297
8532 65087
8533 65088
8534 12300
8535 12301
8536 65089
8537 65090
8538 12302
8539 12303
8540 65091
8541 65092
8542 65113
8543 65114
8544 65115
8545 65116
8546 65117
8547 65118
8548 8216
8549 8217
8550 8220
8551 8221
8552 12317
8553 12318
8554 65344
8555 180
8556 65283
8557 65286
8558 65290
8559 8251
8560 167
8561 698
8562 9675
8563 9679
8564 9651
8565 9650
8566 9678
8567 9734
8568 9733
8569 9671
8570 9670
8571 9633
8572 9632
8573 9661
8574 9660
8737 12963
8738 8453
8739 65507
8740 8254
8741 65343
8742 717
8743 65097
8744 65098
8745 65101
8746 65102
8747 65099
8748 65100
8749 65119
8750 65120
8751 65121
8752 65291
8753 65293
8754 215
8755 247
8756 177
8757 8730
8758 65308
8759 65310
8760 65309
8761 8806
8762 8807
8763 8800
8764 8734
8765 8786
8766 8801
8767 65122
8768 65123
8769 65124
8770 65125
8771 65126
8772 65374
8773 8745
8774 8746
8775 8869
8776 8736
8777 8735
8778 8895
8779 13266
8780 13265
8781 8747
8782 8750
8783 8757
8784 8756
8785 9792
8786 9794
8787 8853
8788 8857
8789 8593
8790 8595
8791 8594
8792 8592
8793 8598
8794 8599
8795 8601
8796 8600
8797 8741
8798 65372
8799 65295
8800 65340
8801 8260
8802 65128
8803 65284
8804 65509
8805 12306
8806 65504
8807 65505
8808 65285
8809 65312
8810 8451
8811 8457
8812 65129
8813 65130
8814 65131
8815 13269
8816 13212
8817 13213
8818 13214
8819 13262
8820 13217
8821 13198
8822 13199
8823 13252
8824 176
8825 20825
8826 20827
8827 20830
8828 20829
8829 20833
8830 20835
8993 21991
8994 29929
8995 31950
8996 9601
8997 9602
8998 9603
8999 9604
9000 9605
9001 9606
9002 9607
9003 9608
9004 9615
9005 9614
9006 9613
9007 9612
9008 9611
9009 9610
9010 9609
9011 9532
9012 9524
9013 9516
9014 9508
9015 9500
9016 9620
9017 9472
9018 9474
9019 9621
9020 9484
9021 9488
9022 9492
9023 9496
9024 9581
9025 9582
9026 9584
9027 9583
9028 9552
9029 9566
9030 9578
9031 9569
9032 9698
9033 9699
9034 9701
9035 9700
9036 9585
9037 9586
9038 9587
9249 65296
9250 65297
9251 65298
9252 65299
9253 65300
9254 65301
9255 65302
9256 65303
9257 65304
9258 65305
9259 8544
9260 8545
9261 8546
9262 8547
9263 8548
9264 8549
9265 8550
9266 8551
9267 8552
9268 8553
9269 12321
9270 12322
9271 12323
9272 12324
9273 12325
9274 12326
9275 12327
9276 12328
9277 12329
9279 21316
9281 65313
9282 65314
9283 65315
9284 65316
9285 65317
9286 65318
9287 65319
9288 65320
9289 65321
9290 65322
9291 65323
9292 65324
9293 65325
9294 65326
9295 65327
9296 65328
9297 65329
9298 65330
9299 65331
9300 65332
9301 65333
9302 65334
9303 65335
9304 65336
9305 65337
9306 65338
9307 65345
9308 65346
9309 65347
9310 65348
9311 65349
9312 65350
9313 65351
9314 65352
9315 65353
9316 65354
9317 65355
9318 65356
9319 65357
9320 65358
9321 65359
9322 65360
9323 65361
9324 65362
9325 65363
9326 65364
9327 65365
9328 65366
9329 65367
9330 65368
9331 65369
9332 65370
9333 913
9334 914
9335 915
9336 916
9337 917
9338 918
9339 919
9340 920
9341 921
9342 922
9505 923
9506 924
9507 925
9508 926
9509 927
9510 928
9511 929
9512 931
9513 932
9514 933
9515 934
9516 935
9517 936
9518 937
9519 945
9520 946
9521 947
9522 948
9523 949
9524 950
9525 951
9526 952
9527 953
9528 954
9529 955
9530 956
9531 957
9532 958
9533 959
9534 960
9535 961
9536 963
9537 964
9538 965
9539 966
9540 967
9541 968
9542 969
9543 12549
9544 12550
9545 12551
9546 12552
9547 12553
9548 12554
9549 12555
9550 12556
9551 12557
9552 12558
9553 12559
9554 12560
9555 12561
9556 12562
9557 12563
9558 12564
9559 12565
9560 12566
9561 12567
9562 12568
9563 12569
9564 12570
9565 12571
9566 12572
9567 12573
9568 12574
9569 12575
9570 12576
9571 12577
9572 12578
9573 12579
9574 12580
9575 12581
9576 12582
9577 12583
9578 12584
9579 12585
9580 729
9581 713
9582 714
9583 711
9584 715
9761 9312
9762 9313
9763 9314
9764 9315
9765 9316
9766 9317
9767 9318
9768 9319
9769 9320
9770 9321
9771 9332
9772 9333
9773 9334
9774 9335
9775 9336
9776 9337
9777 9338
9778 9339
9779 9340
9780 9341
9781 8560
9782 8561
9783 8562
9784 8563
9785 8564
9786 8565
9787 8566
9788 8567
9789 8568
9790 8569
10017 19968
10018 20008
10019 20022
10020 20031
10022 20101
10024 20128
10029 20866
10030 20886
10031 20907
10033 20981
10036 21241
10038 21274
10039 21304
10042 21353
10043 21378
10044 21430
10047 22231
10050 22794
10055 23424
10060 23662
10062 24027
10067 24186
10068 24191
10069 24308
10073 24400
10074 24417
10075 24435
10081 25908
10086 26080
10094 27571
10099 27668
10105 29247
10281 30098
10282 30326
10291 31160
10299 32593
10317 33400
10318 34381
10323 35198
10330 35960
10339 36789
10348 38582
10529 39647
10531 39727
10543 40697
10544 40701
10553 40864
16929 9216
16930 9217
16931 9218
16932 9219
16933 9220
16934 9221
16935 9222
16936 9223
16937 9224
16938 9225
16939 9226
16940 9227
16941 9228
16942 9229
16943 9230
16944 9231
16945 9232
16946 9233
16947 9234
16948 9235
16949 9236
16950 9237
16951 9238
16952 9239
16953 9240
16954 9241
16955 9242
16956 9243
16957 9244
16958 9245
16959 9246
16960 9247
16961 9249
17442 20057
17443 19969
17444 19971
17445 20035
17446 20061
17447 20102
17448 20108
17449 20154
17450 20799
17451 20837
17452 20843
17453 20960
17454 20992
17455 20993
17456 21147
17457 21269
17458 21313
17459 21340
17460 21448
17461 19977
17462 19979
17463 19976
17464 19978
17465 20011
17466 20024
17467 20961
17468 20037
17469 20040
17470 20063
17471 20062
17472 20110
17473 20129
17474 20800
17475 20995
17476 21242
17477 21315
17478 21449
17479 21475
17480 22303
17481 22763
17482 22805
17483 22823
17484 22899
17485 23376
17486 23377
17487 23379
17488 23544
17489 23567
17490 23586
17491 23608
17492 23665
17493 24029
17494 24037
17495 24049
17496 24050
17497 24051
17498 24062
17499 24178
17500 24318
17501 24331
17502 24339
17503 25165
17504 19985
17505 19984
17506 19981
17507 20013
17508 20016
17509 20025
17510 20043
17511 23609
17512 20104
17513 20113
17514 20117
17515 20114
17516 20116
17517 20130
17518 20161
17519 20160
17520 20163
17521 20166
17522 20167
17523 20173
17524 20170
17525 20171
17526 20164
17527 20803
17528 20801
17529 20839
17530 20845
17531 20846
17532 20844
17533 20887
17534 20982
17697 20998
17698 20999
17699 21000
17700 21243
17701 21246
17702 21247
17703 21270
17704 21305
17705 21320
17706 21319
17707 21317
17708 21342
17709 21380
17710 21451
17711 21450
17712 21453
17713 22764
17714 22825
17715 22827
17716 22826
17717 22829
17718 23380
17719 23569
17720 23588
17721 23610
17722 23663
17723 24052
17724 24187
17725 24319
17726 24340
17727 24341
17728 24515
17729 25096
17730 25142
17731 25163
17732 25166
17733 25903
17734 25991
17735 26007
17736 26020
17737 26041
17738 26085
17739 26352
17740 26376
17741 26408
17742 27424
17743 27490
17744 27513
17745 27595
17746 27604
17747 27611
17748 27663
17749 27700
17750 28779
17751 29226
17752 29238
17753 29243
17754 29255
17755 29273
17756 29275
17757 29356
17758 29579
17759 19993
17760 19990
17761 19989
17762 19988
17763 19992
17764 20027
17765 20045
17766 20047
17767 20046
17768 20197
17769 20184
17770 20180
17771 20181
17772 20182
17773 20183
17774 20195
17775 20196
17776 20185
17777 20190
17778 20805
17779 20804
17780 20873
17781 20874
17782 20908
17783 20985
17784 20986
17785 20984
17786 21002
17787 21152
17788 21151
17789 21253
17790 21254
17953 21271
17954 21277
17955 20191
17956 21322
17957 21321
17958 21345
17959 21344
17960 21359
17961 21358
17962 21435
17963 21487
17964 21476
17965 21491
17966 21484
17967 21486
17968 21481
17969 21480
17970 21500
17971 21496
17972 21493
17973 21483
17974 21478
17975 21482
17976 21490
17977 21489
17978 21488
17979 21477
17980 21485
17981 21499
17982 22235
17983 22234
17984 22806
17985 22830
17986 22833
17987 22900
17988 22902
17989 23381
17990 23427
17991 23612
17992 24040
17993 24039
17994 24038
17995 24066
17996 24067
17997 24179
17998 24188
17999 24321
18000 24344
18001 24343
18002 24517
18003 25098
18004 25171
18005 25172
18006 25170
18007 25169
18008 26021
18009 26086
18010 26414
18011 26412
18012 26410
18013 26411
18014 26413
18015 27491
18016 27597
18017 27665
18018 27664
18019 27704
18020 27713
18021 27712
18022 27710
18023 29359
18024 29572
18025 29577
18026 29916
18027 29926
18028 29976
18029 29983
18030 29992
18031 29993
18032 30000
18033 30001
18034 30002
18035 30003
18036 30091
18037 30333
18038 30382
18039 30399
18040 30446
18041 30683
18042 30690
18043 30707
18044 31034
18045 31166
18046 31348
18209 31435
18210 19998
18211 19999
18212 20050
18213 20051
18214 20073
18215 20121
18216 20132
18217 20134
18218 20133
18219 20223
18220 20233
18221 20249
18222 20234
18223 20245
18224 20237
18225 20240
18226 20241
18227 20239
18228 20210
18229 20214
18230 20219
18231 20208
18232 20211
18233 20221
18234 20225
18235 20235
18236 20809
18237 20807
18238 20806
18239 20808
18240 20840
18241 20849
18242 20877
18243 20912
18244 21015
18245 21009
18246 21010
18247 21006
18248 21014
18249 21155
18250 21256
18251 21281
18252 21280
18253 21360
18254 21361
18255 21513
18256 21519
18257 21516
18258 21514
18259 21520
18260 21505
18261 21515
18262 21508
18263 21521
18264 21517
18265 21512
18266 21507
18267 21518
18268 21510
18269 21522
18270 22240
18271 22238
18272 22237
18273 22323
18274 22320
18275 22312
18276 22317
18277 22316
18278 22319
18279 22313
18280 22809
18281 22810
18282 22839
18283 22840
18284 22916
18285 22904
18286 22915
18287 22909
18288 22905
18289 22914
18290 22913
18291 23383
18292 23384
18293 23431
18294 23432
18295 23429
18296 23433
18297 23546
18298 23574
18299 23673
18300 24030
18301 24070
18302 24182
18465 24180
18466 24335
18467 24347
18468 24537
18469 24534
18470 25102
18471 25100
18472 25101
18473 25104
18474 25187
18475 25179
18476 25176
18477 25910
18478 26089
18479 26088
18480 26092
18481 26093
18482 26354
18483 26355
18484 26377
18485 26429
18486 26420
18487 26417
18488 26421
18489 27425
18490 27492
18491 27515
18492 27670
18493 27741
18494 27735
18495 27737
18496 27743
18497 27744
18498 27728
18499 27733
18500 27745
18501 27739
18502 27725
18503 27726
18504 28784
18505 29279
18506 29277
18507 30334
18508 31481
18509 31859
18510 31992
18511 32566
18512 32650
18513 32701
18514 32769
18515 32771
18516 32780
18517 32786
18518 32819
18519 32895
18520 32905
18521 32907
18522 32908
18523 33251
18524 33258
18525 33267
18526 33276
18527 33292
18528 33307
18529 33311
18530 33390
18531 33394
18532 33406
18533 34411
18534 34880
18535 34892
18536 34915
18537 35199
18538 38433
18539 20018
18540 20136
18541 20301
18542 20303
18543 20295
18544 20311
18545 20318
18546 20276
18547 20315
18548 20309
18549 20272
18550 20304
18551 20305
18552 20285
18553 20282
18554 20280
18555 20291
18556 20308
18557 20284
18558 20294
18721 20323
18722 20316
18723 20320
18724 20271
18725 20302
18726 20278
18727 20313
18728 20317
18729 20296
18730 20314
18731 20812
18732 20811
18733 20813
18734 20853
18735 20918
18736 20919
18737 21029
18738 21028
18739 21033
18740 21034
18741 21032
18742 21163
18743 21161
18744 21162
18745 21164
18746 21283
18747 21363
18748 21365
18749 21533
18750 21549
18751 21534
18752 21566
18753 21542
18754 21582
18755 21543
18756 21574
18757 21571
18758 21555
18759 21576
18760 21570
18761 21531
18762 21545
18763 21578
18764 21561
18765 21563
18766 21560
18767 21550
18768 21557
18769 21558
18770 21536
18771 21564
18772 21568
18773 21553
18774 21547
18775 21535
18776 21548
18777 22250
18778 22256
18779 22244
18780 22251
18781 22346
18782 22353
18783 22336
18784 22349
18785 22343
18786 22350
18787 22334
18788 22352
18789 22351
18790 22331
18791 22767
18792 22846
18793 22941
18794 22930
18795 22952
18796 22942
18797 22947
18798 22937
18799 22934
18800 22925
18801 22948
18802 22931
18803 22922
18804 22949
18805 23389
18806 23388
18807 23386
18808 23387
18809 23436
18810 23435
18811 23439
18812 23596
18813 23616
18814 23617
18977 23615
18978 23614
18979 23696
18980 23697
18981 23700
18982 23692
18983 24043
18984 24076
18985 24207
18986 24199
18987 24202
18988 24311
18989 24324
18990 24351
18991 24420
18992 24418
18993 24439
18994 24441
18995 24536
18996 24524
18997 24535
18998 24525
18999 24561
19000 24555
19001 24568
19002 24554
19003 25106
19004 25105
19005 25220
19006 25239
19007 25238
19008 25216
19009 25206
19010 25225
19011 25197
19012 25226
19013 25212
19014 25214
19015 25209
19016 25203
19017 25234
19018 25199
19019 25240
19020 25198
19021 25237
19022 25235
19023 25233
19024 25222
19025 25913
19026 25915
19027 25912
19028 26097
19029 26356
19030 26463
19031 26446
19032 26447
19033 26448
19034 26449
19035 26460
19036 26454
19037 26462
19038 26441
19039 26438
19040 26464
19041 26451
19042 26455
19043 27493
19044 27599
19045 27714
19046 27742
19047 27801
19048 27777
19049 27784
19050 27785
19051 27781
19052 27803
19053 27754
19054 27770
19055 27792
19056 27760
19057 27788
19058 27752
19059 27798
19060 27794
19061 27773
19062 27779
19063 27762
19064 27774
19065 27764
19066 27782
19067 27766
19068 27789
19069 27796
19070 27800
19233 27778
19234 28790
19235 28796
19236 28797
19237 28792
19238 29282
19239 29281
19240 29280
19241 29380
19242 29378
19243 29590
19244 29996
19245 29995
19246 30007
19247 30008
19248 30338
19249 30447
19250 30691
19251 31169
19252 31168
19253 31167
19254 31350
19255 31995
19256 32597
19257 32918
19258 32915
19259 32925
19260 32920
19261 32923
19262 32922
19263 32946
19264 33391
19265 33426
19266 33419
19267 33421
19268 35211
19269 35282
19270 35328
19271 35895
19272 35910
19273 35925
19274 35997
19275 36196
19276 36208
19277 36275
19278 36523
19279 36554
19280 36763
19281 36784
19282 36802
19283 36806
19284 36805
19285 36804
19286 24033
19287 37009
19288 37026
19289 37034
19290 37030
19291 37027
19292 37193
19293 37318
19294 37324
19295 38450
19296 38446
19297 38449
19298 38442
19299 38444
19300 20006
19301 20054
19302 20083
19303 20107
19304 20123
19305 20126
19306 20139
19307 20140
19308 20335
19309 20381
19310 20365
19311 20339
19312 20351
19313 20332
19314 20379
19315 20363
19316 20358
19317 20355
19318 20336
19319 20341
19320 20360
19321 20329
19322 20347
19323 20374
19324 20350
19325 20367
19326 20369
19489 20346
19490 20820
19491 20818
19492 20821
19493 20841
19494 20855
19495 20854
19496 20856
19497 20925
19498 20989
19499 21051
19500 21048
19501 21047
19502 21050
19503 21040
19504 21038
19505 21046
19506 21057
19507 21182
19508 21179
19509 21330
19510 21332
19511 21331
19512 21329
19513 21350
19514 21367
19515 21368
19516 21369
19517 21462
19518 21460
19519 21463
19520 21619
19521 21621
19522 21654
19523 21624
19524 21653
19525 21632
19526 21627
19527 21623
19528 21636
19529 21650
19530 21638
19531 21628
19532 21648
19533 21617
19534 21622
19535 21644
19536 21658
19537 21602
19538 21608
19539 21643
19540 21629
19541 21646
19542 22266
19543 22403
19544 22391
19545 22378
19546 22377
19547 22369
19548 22374
19549 22372
19550 22396
19551 22812
19552 22857
19553 22855
19554 22856
19555 22852
19556 22868
19557 22974
19558 22971
19559 22996
19560 22969
19561 22958
19562 22993
19563 22982
19564 22992
19565 22989
19566 22987
19567 22995
19568 22986
19569 22959
19570 22963
19571 22994
19572 22981
19573 23391
19574 23396
19575 23395
19576 23447
19577 23450
19578 23448
19579 23452
19580 23449
19581 23451
19582 23578
19745 23624
19746 23621
19747 23622
19748 23735
19749 23713
19750 23736
19751 23721
19752 23723
19753 23729
19754 23731
19755 24088
19756 24090
19757 24086
19758 24085
19759 24091
19760 24081
19761 24184
19762 24218
19763 24215
19764 24220
19765 24213
19766 24214
19767 24310
19768 24358
19769 24359
19770 24361
19771 24448
19772 24449
19773 24447
19774 24444
19775 24541
19776 24544
19777 24573
19778 24565
19779 24575
19780 24591
19781 24596
19782 24623
19783 24629
19784 24598
19785 24618
19786 24597
19787 24609
19788 24615
19789 24617
19790 24619
19791 24603
19792 25110
19793 25109
19794 25151
19795 25150
19796 25152
19797 25215
19798 25289
19799 25292
19800 25284
19801 25279
19802 25282
19803 25273
19804 25298
19805 25307
19806 25259
19807 25299
19808 25300
19809 25291
19810 25288
19811 25256
19812 25277
19813 25276
19814 25296
19815 25305
19816 25287
19817 25293
19818 25269
19819 25306
19820 25265
19821 25304
19822 25302
19823 25303
19824 25286
19825 25260
19826 25294
19827 25918
19828 26023
19829 26044
19830 26106
19831 26132
19832 26131
19833 26124
19834 26118
19835 26114
19836 26126
19837 26112
19838 26127
20001 26133
20002 26122
20003 26119
20004 26381
20005 26379
20006 26477
20007 26507
20008 26517
20009 26481
20010 26524
20011 26483
20012 26487
20013 26503
20014 26525
20015 26519
20016 26479
20017 26480
20018 26495
20019 26505
20020 26494
20021 26512
20022 26485
20023 26522
20024 26515
20025 26492
20026 26474
20027 26482
20028 27427
20029 27494
20030 27495
20031 27519
20032 27667
20033 27675
20034 27875
20035 27880
20036 27891
20037 27825
20038 27852
20039 27877
20040 27827
20041 27837
20042 27838
20043 27836
20044 27874
20045 27819
20046 27861
20047 27859
20048 27832
20049 27844
20050 27833
20051 27841
20052 27822
20053 27863
20054 27845
20055 27889
20056 27839
20057 27835
20058 27873
20059 27867
20060 27850
20061 27820
20062 27887
20063 27868
20064 27862
20065 27872
20066 28821
20067 28814
20068 28818
20069 28810
20070 28825
20071 29228
20072 29229
20073 29240
20074 29256
20075 29287
20076 29289
20077 29376
20078 29390
20079 29401
20080 29399
20081 29392
20082 29609
20083 29608
20084 29599
20085 29611
20086 29605
20087 30013
20088 30109
20089 30105
20090 30106
20091 30340
20092 30402
20093 30450
20094 30452
20257 30693
20258 30717
20259 31038
20260 31040
20261 31041
20262 31177
20263 31176
20264 31354
20265 31353
20266 31482
20267 31998
20268 32596
20269 32652
20270 32651
20271 32773
20272 32954
20273 32933
20274 32930
20275 32945
20276 32929
20277 32939
20278 32937
20279 32948
20280 32938
20281 32943
20282 33253
20283 33278
20284 33293
20285 33459
20286 33437
20287 33433
20288 33453
20289 33469
20290 33439
20291 33465
20292 33457
20293 33452
20294 33445
20295 33455
20296 33464
20297 33443
20298 33456
20299 33470
20300 33463
20301 34382
20302 34417
20303 21021
20304 34920
20305 36555
20306 36814
20307 36820
20308 36817
20309 37045
20310 37048
20311 37041
20312 37046
20313 37319
20314 37329
20315 38263
20316 38272
20317 38428
20318 38464
20319 38463
20320 38459
20321 38468
20322 38466
20323 38585
20324 38632
20325 38738
20326 38750
20327 20127
20328 20141
20329 20142
20330 20449
20331 20405
20332 20399
20333 20415
20334 20448
20335 20433
20336 20431
20337 20445
20338 20419
20339 20406
20340 20440
20341 20447
20342 20426
20343 20439
20344 20398
20345 20432
20346 20420
20347 20418
20348 20442
20349 20430
20350 20446
20513 20407
20514 20823
20515 20882
20516 20881
20517 20896
20518 21070
20519 21059
20520 21066
20521 21069
20522 21068
20523 21067
20524 21063
20525 21191
20526 21193
20527 21187
20528 21185
20529 21261
20530 21335
20531 21371
20532 21402
20533 21467
20534 21676
20535 21696
20536 21672
20537 21710
20538 21705
20539 21688
20540 21670
20541 21683
20542 21703
20543 21698
20544 21693
20545 21674
20546 21697
20547 21700
20548 21704
20549 21679
20550 21675
20551 21681
20552 21691
20553 21673
20554 21671
20555 21695
20556 22271
20557 22402
20558 22411
20559 22432
20560 22435
20561 22434
20562 22478
20563 22446
20564 22419
20565 22869
20566 22865
20567 22863
20568 22862
20569 22864
20570 23004
20571 23000
20572 23039
20573 23011
20574 23016
20575 23043
20576 23013
20577 23018
20578 23002
20579 23014
20580 23041
20581 23035
20582 23401
20583 23459
20584 23462
20585 23460
20586 23458
20587 23461
20588 23553
20589 23630
20590 23631
20591 23629
20592 23627
20593 23769
20594 23762
20595 24055
20596 24093
20597 24101
20598 24095
20599 24189
20600 24224
20601 24230
20602 24314
20603 24328
20604 24365
20605 24421
20606 24456
20769 24453
20770 24458
20771 24459
20772 24455
20773 24460
20774 24457
20775 24594
20776 24605
20777 24608
20778 24613
20779 24590
20780 24616
20781 24653
20782 24688
20783 24680
20784 24674
20785 24646
20786 24643
20787 24684
20788 24683
20789 24682
20790 24676
20791 25153
20792 25308
20793 25366
20794 25353
20795 25340
20796 25325
20797 25345
20798 25326
20799 25341
20800 25351
20801 25329
20802 25335
20803 25327
20804 25324
20805 25342
20806 25332
20807 25361
20808 25346
20809 25919
20810 25925
20811 26027
20812 26045
20813 26082
20814 26149
20815 26157
20816 26144
20817 26151
20818 26159
20819 26143
20820 26152
20821 26161
20822 26148
20823 26359
20824 26623
20825 26579
20826 26609
20827 26580
20828 26576
20829 26604
20830 26550
20831 26543
20832 26613
20833 26601
20834 26607
20835 26564
20836 26577
20837 26548
20838 26586
20839 26597
20840 26552
20841 26575
20842 26590
20843 26611
20844 26544
20845 26585
20846 26594
20847 26589
20848 26578
20849 27498
20850 27523
20851 27526
20852 27573
20853 27602
20854 27607
20855 27679
20856 27849
20857 27915
20858 27954
20859 27946
20860 27969
20861 27941
20862 27916
21025 27953
21026 27934
21027 27927
21028 27963
21029 27965
21030 27966
21031 27958
21032 27931
21033 27893
21034 27961
21035 27943
21036 27960
21037 27945
21038 27950
21039 27957
21040 27918
21041 27947
21042 28843
21043 28858
21044 28851
21045 28844
21046 28847
21047 28845
21048 28856
21049 28846
21050 28836
21051 29232
21052 29298
21053 29295
21054 29300
21055 29417
21056 29408
21057 29409
21058 29623
21059 29642
21060 29627
21061 29618
21062 29645
21063 29632
21064 29619
21065 29978
21066 29997
21067 30031
21068 30028
21069 30030
21070 30027
21071 30123
21072 30116
21073 30117
21074 30114
21075 30115
21076 30328
21077 30342
21078 30343
21079 30344
21080 30408
21081 30406
21082 30403
21083 30405
21084 30465
21085 30457
21086 30456
21087 30473
21088 30475
21089 30462
21090 30460
21091 30471
21092 30684
21093 30722
21094 30740
21095 30732
21096 30733
21097 31046
21098 31049
21099 31048
21100 31047
21101 31161
21102 31162
21103 31185
21104 31186
21105 31179
21106 31359
21107 31361
21108 31487
21109 31485
21110 31869
21111 32002
21112 32005
21113 32000
21114 32009
21115 32007
21116 32004
21117 32006
21118 32568
21281 32654
21282 32703
21283 32784
21284 32781
21285 32785
21286 32822
21287 32982
21288 32997
21289 32986
21290 32963
21291 32964
21292 32972
21293 32993
21294 32987
21295 32974
21296 32990
21297 32996
21298 32989
21299 33268
21300 33314
21301 33511
21302 33539
21303 33541
21304 33507
21305 33499
21306 33510
21307 33540
21308 33509
21309 33538
21310 33545
21311 33490
21312 33495
21313 33521
21314 33537
21315 33500
21316 33492
21317 33489
21318 33502
21319 33491
21320 33503
21321 33519
21322 33542
21323 34384
21324 34425
21325 34427
21326 34426
21327 34893
21328 34923
21329 35201
21330 35284
21331 35336
21332 35330
21333 35331
21334 35998
21335 36000
21336 36212
21337 36211
21338 36276
21339 36557
21340 36556
21341 36848
21342 36838
21343 36834
21344 36842
21345 36837
21346 36845
21347 36843
21348 36836
21349 36840
21350 37066
21351 37070
21352 37057
21353 37059
21354 37195
21355 37194
21356 37325
21357 38274
21358 38480
21359 38475
21360 38476
21361 38477
21362 38754
21363 38761
21364 38859
21365 38893
21366 38899
21367 38913
21368 39080
21369 39131
21370 39135
21371 39318
21372 39321
21373 20056
21374 20147
21537 20492
21538 20493
21539 20515
21540 20463
21541 20518
21542 20517
21543 20472
21544 20521
21545 20502
21546 20486
21547 20540
21548 20511
21549 20506
21550 20498
21551 20497
21552 20474
21553 20480
21554 20500
21555 20520
21556 20465
21557 20513
21558 20491
21559 20505
21560 20504
21561 20467
21562 20462
21563 20525
21564 20522
21565 20478
21566 20523
21567 20489
21568 20860
21569 20900
21570 20901
21571 20898
21572 20941
21573 20940
21574 20934
21575 20939
21576 21078
21577 21084
21578 21076
21579 21083
21580 21085
21581 21290
21582 21375
21583 21407
21584 21405
21585 21471
21586 21736
21587 21776
21588 21761
21589 21815
21590 21756
21591 21733
21592 21746
21593 21766
21594 21754
21595 21780
21596 21737
21597 21741
21598 21729
21599 21769
21600 21742
21601 21738
21602 21734
21603 21799
21604 21767
21605 21757
21606 21775
21607 22275
21608 22276
21609 22466
21610 22484
21611 22475
21612 22467
21613 22537
21614 22799
21615 22871
21616 22872
21617 22874
21618 23057
21619 23064
21620 23068
21621 23071
21622 23067
21623 23059
21624 23020
21625 23072
21626 23075
21627 23081
21628 23077
21629 23052
21630 23049
21793 23403
21794 23640
21795 23472
21796 23475
21797 23478
21798 23476
21799 23470
21800 23477
21801 23481
21802 23480
21803 23556
21804 23633
21805 23637
21806 23632
21807 23789
21808 23805
21809 23803
21810 23786
21811 23784
21812 23792
21813 23798
21814 23809
21815 23796
21816 24046
21817 24109
21818 24107
21819 24235
21820 24237
21821 24231
21822 24369
21823 24466
21824 24465
21825 24464
21826 24665
21827 24675
21828 24677
21829 24656
21830 24661
21831 24685
21832 24681
21833 24687
21834 24708
21835 24735
21836 24730
21837 24717
21838 24724
21839 24716
21840 24709
21841 24726
21842 25159
21843 25331
21844 25352
21845 25343
21846 25422
21847 25406
21848 25391
21849 25429
21850 25410
21851 25414
21852 25423
21853 25417
21854 25402
21855 25424
21856 25405
21857 25386
21858 25387
21859 25384
21860 25421
21861 25420
21862 25928
21863 25929
21864 26009
21865 26049
21866 26053
21867 26178
21868 26185
21869 26191
21870 26179
21871 26194
21872 26188
21873 26181
21874 26177
21875 26360
21876 26388
21877 26389
21878 26391
21879 26657
21880 26680
21881 26696
21882 26694
21883 26707
21884 26681
21885 26690
21886 26708
22049 26665
22050 26803
22051 26647
22052 26700
22053 26705
22054 26685
22055 26612
22056 26704
22057 26688
22058 26684
22059 26691
22060 26666
22061 26693
22062 26643
22063 26648
22064 26689
22065 27530
22066 27529
22067 27575
22068 27683
22069 27687
22070 27688
22071 27686
22072 27684
22073 27888
22074 28010
22075 28053
22076 28040
22077 28039
22078 28006
22079 28024
22080 28023
22081 27993
22082 28051
22083 28012
22084 28041
22085 28014
22086 27994
22087 28020
22088 28009
22089 28044
22090 28042
22091 28025
22092 28037
22093 28005
22094 28052
22095 28874
22096 28888
22097 28900
22098 28889
22099 28872
22100 28879
22101 29241
22102 29305
22103 29436
22104 29433
22105 29437
22106 29432
22107 29431
22108 29574
22109 29677
22110 29705
22111 29678
22112 29664
22113 29674
22114 29662
22115 30036
22116 30045
22117 30044
22118 30042
22119 30041
22120 30142
22121 30149
22122 30151
22123 30130
22124 30131
22125 30141
22126 30140
22127 30137
22128 30146
22129 30136
22130 30347
22131 30384
22132 30410
22133 30413
22134 30414
22135 30505
22136 30495
22137 30496
22138 30504
22139 30697
22140 30768
22141 30759
22142 30776
22305 30749
22306 30772
22307 30775
22308 30757
22309 30765
22310 30752
22311 30751
22312 30770
22313 31061
22314 31056
22315 31072
22316 31071
22317 31062
22318 31070
22319 31069
22320 31063
22321 31066
22322 31204
22323 31203
22324 31207
22325 31199
22326 31206
22327 31209
22328 31192
22329 31364
22330 31368
22331 31449
22332 31494
22333 31505
22334 31881
22335 32033
22336 32023
22337 32011
22338 32010
22339 32032
22340 32034
22341 32020
22342 32016
22343 32021
22344 32026
22345 32028
22346 32013
22347 32025
22348 32027
22349 32570
22350 32607
22351 32660
22352 32709
22353 32705
22354 32774
22355 32772
22356 32792
22357 32789
22358 32793
22359 32791
22360 32829
22361 32831
22362 33009
22363 33026
22364 33008
22365 33029
22366 33005
22367 33012
22368 33030
22369 33016
22370 33011
22371 33032
22372 33021
22373 33034
22374 33020
22375 33007
22376 33261
22377 33260
22378 33280
22379 33296
22380 33322
22381 33323
22382 33320
22383 33324
22384 33467
22385 33579
22386 33618
22387 33620
22388 33610
22389 33592
22390 33616
22391 33609
22392 33589
22393 33588
22394 33615
22395 33586
22396 33593
22397 33590
22398 33559
22561 33600
22562 33585
22563 33576
22564 33603
22565 34388
22566 34442
22567 34474
22568 34451
22569 34468
22570 34473
22571 34444
22572 34467
22573 34460
22574 34928
22575 34935
22576 34945
22577 34946
22578 34941
22579 34937
22580 35352
22581 35344
22582 35342
22583 35340
22584 35349
22585 35338
22586 35351
22587 35347
22588 35350
22589 35343
22590 35345
22591 35912
22592 35962
22593 35961
22594 36001
22595 36002
22596 36215
22597 36524
22598 36562
22599 36564
22600 36559
22601 36785
22602 36865
22603 36870
22604 36855
22605 36864
22606 36858
22607 36852
22608 36867
22609 36861
22610 36869
22611 36856
22612 37013
22613 37089
22614 37085
22615 37090
22616 37202
22617 37197
22618 37196
22619 37336
22620 37341
22621 37335
22622 37340
22623 37337
22624 38275
22625 38498
22626 38499
22627 38497
22628 38491
22629 38493
22630 38500
22631 38488
22632 38494
22633 38587
22634 39138
22635 39340
22636 39592
22637 39640
22638 39717
22639 39730
22640 39740
22641 20094
22642 20602
22643 20605
22644 20572
22645 20551
22646 20547
22647 20556
22648 20570
22649 20553
22650 20581
22651 20598
22652 20558
22653 20565
22654 20597
22817 20596
22818 20599
22819 20559
22820 20495
22821 20591
22822 20589
22823 20828
22824 20885
22825 20976
22826 21098
22827 21103
22828 21202
22829 21209
22830 21208
22831 21205
22832 21264
22833 21263
22834 21273
22835 21311
22836 21312
22837 21310
22838 21443
22839 26364
22840 21830
22841 21866
22842 21862
22843 21828
22844 21854
22845 21857
22846 21827
22847 21834
22848 21809
22849 21846
22850 21839
22851 21845
22852 21807
22853 21860
22854 21816
22855 21806
22856 21852
22857 21804
22858 21859
22859 21811
22860 21825
22861 21847
22862 22280
22863 22283
22864 22281
22865 22495
22866 22533
22867 22538
22868 22534
22869 22496
22870 22500
22871 22522
22872 22530
22873 22581
22874 22519
22875 22521
22876 22816
22877 22882
22878 23094
22879 23105
22880 23113
22881 23142
22882 23146
22883 23104
22884 23100
22885 23138
22886 23130
22887 23110
22888 23114
22889 23408
22890 23495
22891 23493
22892 23492
22893 23490
22894 23487
22895 23494
22896 23561
22897 23560
22898 23559
22899 23648
22900 23644
22901 23645
22902 23815
22903 23814
22904 23822
22905 23835
22906 23830
22907 23842
22908 23825
22909 23849
22910 23828
23073 23833
23074 23844
23075 23847
23076 23831
23077 24034
23078 24120
23079 24118
23080 24115
23081 24119
23082 24247
23083 24248
23084 24246
23085 24245
23086 24254
23087 24373
23088 24375
23089 24407
23090 24428
23091 24425
23092 24427
23093 24471
23094 24473
23095 24478
23096 24472
23097 24481
23098 24480
23099 24476
23100 24703
23101 24739
23102 24713
23103 24736
23104 24744
23105 24779
23106 24756
23107 24806
23108 24765
23109 24773
23110 24763
23111 24757
23112 24796
23113 24764
23114 24792
23115 24789
23116 24774
23117 24799
23118 24760
23119 24794
23120 24775
23121 25114
23122 25115
23123 25160
23124 25504
23125 25511
23126 25458
23127 25494
23128 25506
23129 25509
23130 25463
23131 25447
23132 25496
23133 25514
23134 25457
23135 25513
23136 25481
23137 25475
23138 25499
23139 25451
23140 25512
23141 25476
23142 25480
23143 25497
23144 25505
23145 25516
23146 25490
23147 25487
23148 25472
23149 25467
23150 25449
23151 25448
23152 25466
23153 25949
23154 25942
23155 25937
23156 25945
23157 25943
23158 21855
23159 25935
23160 25944
23161 25941
23162 25940
23163 26012
23164 26011
23165 26028
23166 26063
23329 26059
23330 26060
23331 26062
23332 26205
23333 26202
23334 26212
23335 26216
23336 26214
23337 26206
23338 26361
23339 21207
23340 26395
23341 26753
23342 26799
23343 26786
23344 26771
23345 26805
23346 26751
23347 26742
23348 26801
23349 26791
23350 26775
23351 26800
23352 26755
23353 26820
23354 26797
23355 26758
23356 26757
23357 26772
23358 26781
23359 26792
23360 26783
23361 26785
23362 26754
23363 27442
23364 27578
23365 27627
23366 27628
23367 27691
23368 28046
23369 28092
23370 28147
23371 28121
23372 28082
23373 28129
23374 28108
23375 28132
23376 28155
23377 28154
23378 28165
23379 28103
23380 28107
23381 28079
23382 28113
23383 28078
23384 28126
23385 28153
23386 28088
23387 28151
23388 28149
23389 28101
23390 28114
23391 28186
23392 28085
23393 28122
23394 28139
23395 28120
23396 28138
23397 28145
23398 28142
23399 28136
23400 28102
23401 28100
23402 28074
23403 28140
23404 28095
23405 28134
23406 28921
23407 28937
23408 28938
23409 28925
23410 28911
23411 29245
23412 29309
23413 29313
23414 29468
23415 29467
23416 29462
23417 29459
23418 29465
23419 29575
23420 29701
23421 29706
23422 29699
23585 29702
23586 29694
23587 29709
23588 29920
23589 29942
23590 29943
23591 29980
23592 29986
23593 30053
23594 30054
23595 30050
23596 30064
23597 30095
23598 30164
23599 30165
23600 30133
23601 30154
23602 30157
23603 30350
23604 30420
23605 30418
23606 30427
23607 30519
23608 30526
23609 30524
23610 30518
23611 30520
23612 30522
23613 30827
23614 30787
23615 30798
23616 31077
23617 31080
23618 31085
23619 31227
23620 31378
23621 31381
23622 31520
23623 31528
23624 31515
23625 31532
23626 31526
23627 31513
23628 31518
23629 31534
23630 31890
23631 31895
23632 31893
23633 32070
23634 32067
23635 32113
23636 32046
23637 32057
23638 32060
23639 32064
23640 32048
23641 32051
23642 32068
23643 32047
23644 32066
23645 32050
23646 32049
23647 32573
23648 32670
23649 32666
23650 32716
23651 32718
23652 32722
23653 32796
23654 32842
23655 32838
23656 33071
23657 33046
23658 33059
23659 33067
23660 33065
23661 33072
23662 33060
23663 33282
23664 33333
23665 33335
23666 33334
23667 33337
23668 33678
23669 33694
23670 33688
23671 33656
23672 33698
23673 33686
23674 33725
23675 33707
23676 33682
23677 33674
23678 33683
23841 33673
23842 33696
23843 33655
23844 33659
23845 33660
23846 33670
23847 33703
23848 34389
23849 24426
23850 34503
23851 34496
23852 34486
23853 34500
23854 34485
23855 34502
23856 34507
23857 34481
23858 34479
23859 34505
23860 34899
23861 34974
23862 34952
23863 34987
23864 34962
23865 34966
23866 34957
23867 34955
23868 35219
23869 35215
23870 35370
23871 35357
23872 35363
23873 35365
23874 35377
23875 35373
23876 35359
23877 35355
23878 35362
23879 35913
23880 35930
23881 36009
23882 36012
23883 36011
23884 36008
23885 36010
23886 36007
23887 36199
23888 36198
23889 36286
23890 36282
23891 36571
23892 36575
23893 36889
23894 36877
23895 36890
23896 36887
23897 36899
23898 36895
23899 36893
23900 36880
23901 36885
23902 36894
23903 36896
23904 36879
23905 36898
23906 36886
23907 36891
23908 36884
23909 37096
23910 37101
23911 37117
23912 37207
23913 37326
23914 37365
23915 37350
23916 37347
23917 37351
23918 37357
23919 37353
23920 38281
23921 38506
23922 38517
23923 38515
23924 38520
23925 38512
23926 38516
23927 38518
23928 38519
23929 38508
23930 38592
23931 38634
23932 38633
23933 31456
23934 31455
24097 38914
24098 38915
24099 39770
24100 40165
24101 40565
24102 40575
24103 40613
24104 40635
24105 20642
24106 20621
24107 20613
24108 20633
24109 20625
24110 20608
24111 20630
24112 20632
24113 20634
24114 26368
24115 20977
24116 21106
24117 21108
24118 21109
24119 21097
24120 21214
24121 21213
24122 21211
24123 21338
24124 21413
24125 21883
24126 21888
24127 21927
24128 21884
24129 21898
24130 21917
24131 21912
24132 21890
24133 21916
24134 21930
24135 21908
24136 21895
24137 21899
24138 21891
24139 21939
24140 21934
24141 21919
24142 21822
24143 21938
24144 21914
24145 21947
24146 21932
24147 21937
24148 21886
24149 21897
24150 21931
24151 21913
24152 22285
24153 22575
24154 22570
24155 22580
24156 22564
24157 22576
24158 22577
24159 22561
24160 22557
24161 22560
24162 22777
24163 22778
24164 22880
24165 23159
24166 23194
24167 23167
24168 23186
24169 23195
24170 23207
24171 23411
24172 23409
24173 23506
24174 23500
24175 23507
24176 23504
24177 23562
24178 23563
24179 23601
24180 23884
24181 23888
24182 23860
24183 23879
24184 24061
24185 24133
24186 24125
24187 24128
24188 24131
24189 24190
24190 24266
24353 24257
24354 24258
24355 24260
24356 24380
24357 24429
24358 24489
24359 24490
24360 24488
24361 24785
24362 24801
24363 24754
24364 24758
24365 24800
24366 24860
24367 24867
24368 24826
24369 24853
24370 24816
24371 24827
24372 24820
24373 24936
24374 24817
24375 24846
24376 24822
24377 24841
24378 24832
24379 24850
24380 25119
24381 25161
24382 25507
24383 25484
24384 25551
24385 25536
24386 25577
24387 25545
24388 25542
24389 25549
24390 25554
24391 25571
24392 25552
24393 25569
24394 25558
24395 25581
24396 25582
24397 25462
24398 25588
24399 25578
24400 25563
24401 25682
24402 25562
24403 25593
24404 25950
24405 25958
24406 25954
24407 25955
24408 26001
24409 26000
24410 26031
24411 26222
24412 26224
24413 26228
24414 26230
24415 26223
24416 26257
24417 26234
24418 26238
24419 26231
24420 26366
24421 26367
24422 26399
24423 26397
24424 26874
24425 26837
24426 26848
24427 26840
24428 26839
24429 26885
24430 26847
24431 26869
24432 26862
24433 26855
24434 26873
24435 26834
24436 26866
24437 26851
24438 26827
24439 26829
24440 26893
24441 26898
24442 26894
24443 26825
24444 26842
24445 26990
24446 26875
24609 27454
24610 27450
24611 27453
24612 27544
24613 27542
24614 27580
24615 27631
24616 27694
24617 27695
24618 27692
24619 28207
24620 28216
24621 28244
24622 28193
24623 28210
24624 28263
24625 28234
24626 28192
24627 28197
24628 28195
24629 28187
24630 28251
24631 28248
24632 28196
24633 28246
24634 28270
24635 28205
24636 28198
24637 28271
24638 28212
24639 28237
24640 28218
24641 28204
24642 28227
24643 28189
24644 28222
24645 28363
24646 28297
24647 28185
24648 28238
24649 28259
24650 28228
24651 28274
24652 28265
24653 28255
24654 28953
24655 28954
24656 28966
24657 28976
24658 28961
24659 28982
24660 29038
24661 28956
24662 29260
24663 29316
24664 29312
24665 29494
24666 29477
24667 29492
24668 29481
24669 29754
24670 29738
24671 29747
24672 29730
24673 29733
24674 29749
24675 29750
24676 29748
24677 29743
24678 29723
24679 29734
24680 29736
24681 29989
24682 29990
24683 30059
24684 30058
24685 30178
24686 30171
24687 30179
24688 30169
24689 30168
24690 30174
24691 30176
24692 30331
24693 30332
24694 30358
24695 30355
24696 30388
24697 30428
24698 30543
24699 30701
24700 30813
24701 30828
24702 30831
24865 31245
24866 31240
24867 31243
24868 31237
24869 31232
24870 31384
24871 31383
24872 31382
24873 31461
24874 31459
24875 31561
24876 31574
24877 31558
24878 31568
24879 31570
24880 31572
24881 31565
24882 31563
24883 31567
24884 31569
24885 31903
24886 31909
24887 32094
24888 32080
24889 32104
24890 32085
24891 32043
24892 32110
24893 32114
24894 32097
24895 32102
24896 32098
24897 32112
24898 32115
24899 21892
24900 32724
24901 32725
24902 32779
24903 32850
24904 32901
24905 33109
24906 33108
24907 33099
24908 33105
24909 33102
24910 33081
24911 33094
24912 33086
24913 33100
24914 33107
24915 33140
24916 33298
24917 33308
24918 33769
24919 33795
24920 33784
24921 33805
24922 33760
24923 33733
24924 33803
24925 33729
24926 33775
24927 33777
24928 33780
24929 33879
24930 33802
24931 33776
24932 33804
24933 33740
24934 33789
24935 33778
24936 33738
24937 33848
24938 33806
24939 33796
24940 33756
24941 33799
24942 33748
24943 33759
24944 34395
24945 34527
24946 34521
24947 34541
24948 34516
24949 34523
24950 34532
24951 34512
24952 34526
24953 34903
24954 35009
24955 35010
24956 34993
24957 35203
24958 35222
25121 35387
25122 35424
25123 35413
25124 35422
25125 35388
25126 35393
25127 35412
25128 35419
25129 35408
25130 35398
25131 35380
25132 35386
25133 35382
25134 35414
25135 35937
25136 35970
25137 36015
25138 36028
25139 36019
25140 36029
25141 36033
25142 36027
25143 36032
25144 36020
25145 36023
25146 36022
25147 36031
25148 36024
25149 36234
25150 36229
25151 36225
25152 36302
25153 36317
25154 36299
25155 36314
25156 36305
25157 36300
25158 36315
25159 36294
25160 36603
25161 36600
25162 36604
25163 36764
25164 36910
25165 36917
25166 36913
25167 36920
25168 36914
25169 36918
25170 37122
25171 37109
25172 37129
25173 37118
25174 37219
25175 37221
25176 37327
25177 37396
25178 37397
25179 37411
25180 37385
25181 37406
25182 37389
25183 37392
25184 37383
25185 37393
25186 38292
25187 38287
25188 38283
25189 38289
25190 38291
25191 38290
25192 38286
25193 38538
25194 38542
25195 38539
25196 38525
25197 38533
25198 38534
25199 38541
25200 38514
25201 38532
25202 38593
25203 38597
25204 38596
25205 38598
25206 38599
25207 38639
25208 38642
25209 38860
25210 38917
25211 38918
25212 38920
25213 39143
25214 39146
25377 39151
25378 39145
25379 39154
25380 39149
25381 39342
25382 39341
25383 40643
25384 40653
25385 40657
25386 20098
25387 20653
25388 20661
25389 20658
25390 20659
25391 20677
25392 20670
25393 20652
25394 20663
25395 20667
25396 20655
25397 20679
25398 21119
25399 21111
25400 21117
25401 21215
25402 21222
25403 21220
25404 21218
25405 21219
25406 21295
25407 21983
25408 21992
25409 21971
25410 21990
25411 21966
25412 21980
25413 21959
25414 21969
25415 21987
25416 21988
25417 21999
25418 21978
25419 21985
25420 21957
25421 21958
25422 21989
25423 21961
25424 22290
25425 22291
25426 22622
25427 22609
25428 22616
25429 22615
25430 22618
25431 22612
25432 22635
25433 22604
25434 22637
25435 22602
25436 22626
25437 22610
25438 22603
25439 22887
25440 23233
25441 23241
25442 23244
25443 23230
25444 23229
25445 23228
25446 23219
25447 23234
25448 23218
25449 23913
25450 23919
25451 24140
25452 24185
25453 24265
25454 24264
25455 24338
25456 24409
25457 24492
25458 24494
25459 24858
25460 24847
25461 24904
25462 24863
25463 24819
25464 24859
25465 24825
25466 24833
25467 24840
25468 24910
25469 24908
25470 24900
25633 24909
25634 24894
25635 24884
25636 24871
25637 24845
25638 24838
25639 24887
25640 25121
25641 25122
25642 25619
25643 25662
25644 25630
25645 25642
25646 25645
25647 25661
25648 25644
25649 25615
25650 25628
25651 25620
25652 25613
25653 25654
25654 25622
25655 25623
25656 25606
25657 25964
25658 26015
25659 26032
25660 26263
25661 26249
25662 26247
25663 26248
25664 26262
25665 26244
25666 26264
25667 26253
25668 26371
25669 27028
25670 26989
25671 26970
25672 26999
25673 26976
25674 26964
25675 26997
25676 26928
25677 27010
25678 26954
25679 26984
25680 26987
25681 26974
25682 26963
25683 27001
25684 27014
25685 26973
25686 26979
25687 26971
25688 27463
25689 27506
25690 27584
25691 27583
25692 27603
25693 27645
25694 28322
25695 28335
25696 28371
25697 28342
25698 28354
25699 28304
25700 28317
25701 28359
25702 28357
25703 28325
25704 28312
25705 28348
25706 28346
25707 28331
25708 28369
25709 28310
25710 28316
25711 28356
25712 28372
25713 28330
25714 28327
25715 28340
25716 29006
25717 29017
25718 29033
25719 29028
25720 29001
25721 29031
25722 29020
25723 29036
25724 29030
25725 29004
25726 29029
25889 29022
25890 28998
25891 29032
25892 29014
25893 29242
25894 29266
25895 29495
25896 29509
25897 29503
25898 29502
25899 29807
25900 29786
25901 29781
25902 29791
25903 29790
25904 29761
25905 29759
25906 29785
25907 29787
25908 29788
25909 30070
25910 30072
25911 30208
25912 30192
25913 30209
25914 30194
25915 30193
25916 30202
25917 30207
25918 30196
25919 30195
25920 30430
25921 30431
25922 30555
25923 30571
25924 30566
25925 30558
25926 30563
25927 30585
25928 30570
25929 30572
25930 30556
25931 30565
25932 30568
25933 30562
25934 30702
25935 30862
25936 30896
25937 30871
25938 30872
25939 30860
25940 30857
25941 30844
25942 30865
25943 30867
25944 30847
25945 31098
25946 31103
25947 31105
25948 33836
25949 31165
25950 31260
25951 31258
25952 31264
25953 31252
25954 31263
25955 31262
25956 31391
25957 31392
25958 31607
25959 31680
25960 31584
25961 31598
25962 31591
25963 31921
25964 31923
25965 31925
25966 32147
25967 32121
25968 32145
25969 32129
25970 32143
25971 32091
25972 32622
25973 32617
25974 32618
25975 32626
25976 32681
25977 32680
25978 32676
25979 32854
25980 32856
25981 32902
25982 32900
26145 33137
26146 33136
26147 33144
26148 33125
26149 33134
26150 33139
26151 33131
26152 33145
26153 33146
26154 33126
26155 33285
26156 33351
26157 33922
26158 33911
26159 33853
26160 33841
26161 33909
26162 33894
26163 33899
26164 33865
26165 33900
26166 33883
26167 33852
26168 33845
26169 33889
26170 33891
26171 33897
26172 33901
26173 33862
26174 34398
26175 34396
26176 34399
26177 34553
26178 34579
26179 34568
26180 34567
26181 34560
26182 34558
26183 34555
26184 34562
26185 34563
26186 34566
26187 34570
26188 34905
26189 35039
26190 35028
26191 35033
26192 35036
26193 35032
26194 35037
26195 35041
26196 35018
26197 35029
26198 35026
26199 35228
26200 35299
26201 35435
26202 35442
26203 35443
26204 35430
26205 35433
26206 35440
26207 35463
26208 35452
26209 35427
26210 35488
26211 35441
26212 35461
26213 35437
26214 35426
26215 35438
26216 35436
26217 35449
26218 35451
26219 35390
26220 35432
26221 35938
26222 35978
26223 35977
26224 36042
26225 36039
26226 36040
26227 36036
26228 36018
26229 36035
26230 36034
26231 36037
26232 36321
26233 36319
26234 36328
26235 36335
26236 36339
26237 36346
26238 36330
26401 36324
26402 36326
26403 36530
26404 36611
26405 36617
26406 36606
26407 36618
26408 36767
26409 36786
26410 36939
26411 36938
26412 36947
26413 36930
26414 36948
26415 36924
26416 36949
26417 36944
26418 36935
26419 36943
26420 36942
26421 36941
26422 36945
26423 36926
26424 36929
26425 37138
26426 37143
26427 37228
26428 37226
26429 37225
26430 37321
26431 37431
26432 37463
26433 37432
26434 37437
26435 37440
26436 37438
26437 37467
26438 37451
26439 37476
26440 37457
26441 37428
26442 37449
26443 37453
26444 37445
26445 37433
26446 37439
26447 37466
26448 38296
26449 38552
26450 38548
26451 38549
26452 38605
26453 38603
26454 38601
26455 38602
26456 38647
26457 38651
26458 38649
26459 38646
26460 38742
26461 38772
26462 38774
26463 38928
26464 38929
26465 38931
26466 38922
26467 38930
26468 38924
26469 39164
26470 39156
26471 39165
26472 39166
26473 39347
26474 39345
26475 39348
26476 39649
26477 40169
26478 40578
26479 40718
26480 40723
26481 40736
26482 20711
26483 20718
26484 20709
26485 20694
26486 20717
26487 20698
26488 20693
26489 20687
26490 20689
26491 20721
26492 20686
26493 20713
26494 20834
26657 20979
26658 21123
26659 21122
26660 21297
26661 21421
26662 22014
26663 22016
26664 22043
26665 22039
26666 22013
26667 22036
26668 22022
26669 22025
26670 22029
26671 22030
26672 22007
26673 22038
26674 22047
26675 22024
26676 22032
26677 22006
26678 22296
26679 22294
26680 22645
26681 22654
26682 22659
26683 22675
26684 22666
26685 22649
26686 22661
26687 22653
26688 22781
26689 22821
26690 22818
26691 22820
26692 22890
26693 22889
26694 23265
26695 23270
26696 23273
26697 23255
26698 23254
26699 23256
26700 23267
26701 23413
26702 23518
26703 23527
26704 23521
26705 23525
26706 23526
26707 23528
26708 23522
26709 23524
26710 23519
26711 23565
26712 23650
26713 23940
26714 23943
26715 24155
26716 24163
26717 24149
26718 24151
26719 24148
26720 24275
26721 24278
26722 24330
26723 24390
26724 24432
26725 24505
26726 24903
26727 24895
26728 24907
26729 24951
26730 24930
26731 24931
26732 24927
26733 24922
26734 24920
26735 24949
26736 25130
26737 25735
26738 25688
26739 25684
26740 25764
26741 25720
26742 25695
26743 25722
26744 25681
26745 25703
26746 25652
26747 25709
26748 25723
26749 25970
26750 26017
26913 26071
26914 26070
26915 26274
26916 26280
26917 26269
26918 27036
26919 27048
26920 27029
26921 27073
26922 27054
26923 27091
26924 27083
26925 27035
26926 27063
26927 27067
26928 27051
26929 27060
26930 27088
26931 27085
26932 27053
26933 27084
26934 27046
26935 27075
26936 27043
26937 27465
26938 27468
26939 27699
26940 28467
26941 28436
26942 28414
26943 28435
26944 28404
26945 28457
26946 28478
26947 28448
26948 28460
26949 28431
26950 28418
26951 28450
26952 28415
26953 28399
26954 28422
26955 28465
26956 28472
26957 28466
26958 28451
26959 28437
26960 28459
26961 28463
26962 28552
26963 28458
26964 28396
26965 28417
26966 28402
26967 28364
26968 28407
26969 29076
26970 29081
26971 29053
26972 29066
26973 29060
26974 29074
26975 29246
26976 29330
26977 29334
26978 29508
26979 29520
26980 29796
26981 29795
26982 29802
26983 29808
26984 29805
26985 29956
26986 30097
26987 30247
26988 30221
26989 30219
26990 30217
26991 30227
26992 30433
26993 30435
26994 30596
26995 30589
26996 30591
26997 30561
26998 30913
26999 30879
27000 30887
27001 30899
27002 30889
27003 30883
27004 31118
27005 31119
27006 31117
27169 31278
27170 31281
27171 31402
27172 31401
27173 31469
27174 31471
27175 31649
27176 31637
27177 31627
27178 31605
27179 31639
27180 31645
27181 31636
27182 31631
27183 31672
27184 31623
27185 31620
27186 31929
27187 31933
27188 31934
27189 32187
27190 32176
27191 32156
27192 32189
27193 32190
27194 32160
27195 32202
27196 32180
27197 32178
27198 32177
27199 32186
27200 32162
27201 32191
27202 32181
27203 32184
27204 32173
27205 32210
27206 32199
27207 32172
27208 32624
27209 32736
27210 32737
27211 32735
27212 32862
27213 32858
27214 32903
27215 33104
27216 33152
27217 33167
27218 33160
27219 33162
27220 33151
27221 33154
27222 33255
27223 33274
27224 33287
27225 33300
27226 33310
27227 33355
27228 33993
27229 33983
27230 33990
27231 33988
27232 33945
27233 33950
27234 33970
27235 33948
27236 33995
27237 33976
27238 33984
27239 34003
27240 33936
27241 33980
27242 34001
27243 33994
27244 34623
27245 34588
27246 34619
27247 34594
27248 34597
27249 34612
27250 34584
27251 34645
27252 34615
27253 34601
27254 35059
27255 35074
27256 35060
27257 35065
27258 35064
27259 35069
27260 35048
27261 35098
27262 35055
27425 35494
27426 35468
27427 35486
27428 35491
27429 35469
27430 35489
27431 35475
27432 35492
27433 35498
27434 35493
27435 35496
27436 35480
27437 35473
27438 35482
27439 35495
27440 35946
27441 35981
27442 35980
27443 36051
27444 36049
27445 36050
27446 36203
27447 36249
27448 36245
27449 36348
27450 36628
27451 36626
27452 36629
27453 36627
27454 36771
27455 36960
27456 36952
27457 36956
27458 36963
27459 36953
27460 36958
27461 36962
27462 36957
27463 36955
27464 37145
27465 37144
27466 37150
27467 37237
27468 37240
27469 37239
27470 37236
27471 37496
27472 37548
27473 37504
27474 37509
27475 37528
27476 37526
27477 37499
27478 37523
27479 37532
27480 37544
27481 37500
27482 37521
27483 38305
27484 38312
27485 38313
27486 38307
27487 38309
27488 38308
27489 38553
27490 38556
27491 38555
27492 38604
27493 38610
27494 38656
27495 38780
27496 38789
27497 38902
27498 38935
27499 38936
27500 39087
27501 39089
27502 39171
27503 39173
27504 39180
27505 39177
27506 39361
27507 39599
27508 39600
27509 39654
27510 39745
27511 39746
27512 40180
27513 40182
27514 40179
27515 40636
27516 40763
27517 40778
27518 20740
27681 20736
27682 20731
27683 20725
27684 20729
27685 20738
27686 20744
27687 20745
27688 20741
27689 20956
27690 21127
27691 21128
27692 21129
27693 21133
27694 21130
27695 21232
27696 21426
27697 22062
27698 22075
27699 22073
27700 22066
27701 22079
27702 22068
27703 22057
27704 22099
27705 22094
27706 22103
27707 22132
27708 22070
27709 22063
27710 22064
27711 22656
27712 22687
27713 22686
27714 22707
27715 22684
27716 22702
27717 22697
27718 22694
27719 22893
27720 23305
27721 23291
27722 23307
27723 23285
27724 23308
27725 23304
27726 23534
27727 23532
27728 23529
27729 23531
27730 23652
27731 23653
27732 23965
27733 23956
27734 24162
27735 24159
27736 24161
27737 24290
27738 24282
27739 24287
27740 24285
27741 24291
27742 24288
27743 24392
27744 24433
27745 24503
27746 24501
27747 24950
27748 24935
27749 24942
27750 24925
27751 24917
27752 24962
27753 24956
27754 24944
27755 24939
27756 24958
27757 24999
27758 24976
27759 25003
27760 24974
27761 25004
27762 24986
27763 24996
27764 24980
27765 25006
27766 25134
27767 25705
27768 25711
27769 25721
27770 25758
27771 25778
27772 25736
27773 25744
27774 25776
27937 25765
27938 25747
27939 25749
27940 25769
27941 25746
27942 25774
27943 25773
27944 25771
27945 25754
27946 25772
27947 25753
27948 25762
27949 25779
27950 25973
27951 25975
27952 25976
27953 26286
27954 26283
27955 26292
27956 26289
27957 27171
27958 27167
27959 27112
27960 27137
27961 27166
27962 27161
27963 27133
27964 27169
27965 27155
27966 27146
27967 27123
27968 27138
27969 27141
27970 27117
27971 27153
27972 27472
27973 27470
27974 27556
27975 27589
27976 27590
27977 28479
27978 28540
27979 28548
27980 28497
27981 28518
27982 28500
27983 28550
27984 28525
27985 28507
27986 28536
27987 28526
27988 28558
27989 28538
27990 28528
27991 28516
27992 28567
27993 28504
27994 28373
27995 28527
27996 28512
27997 28511
27998 29087
27999 29100
28000 29105
28001 29096
28002 29270
28003 29339
28004 29518
28005 29527
28006 29801
28007 29835
28008 29827
28009 29822
28010 29824
28011 30079
28012 30240
28013 30249
28014 30239
28015 30244
28016 30246
28017 30241
28018 30242
28019 30362
28020 30394
28021 30436
28022 30606
28023 30599
28024 30604
28025 30609
28026 30603
28027 30923
28028 30917
28029 30906
28030 30922
28193 30910
28194 30933
28195 30908
28196 30928
28197 31295
28198 31292
28199 31296
28200 31293
28201 31287
28202 31291
28203 31407
28204 31406
28205 31661
28206 31665
28207 31684
28208 31668
28209 31686
28210 31687
28211 31681
28212 31648
28213 31692
28214 31946
28215 32224
28216 32244
28217 32239
28218 32251
28219 32216
28220 32236
28221 32221
28222 32232
28223 32227
28224 32218
28225 32222
28226 32233
28227 32158
28228 32217
28229 32242
28230 32249
28231 32629
28232 32631
28233 32687
28234 32745
28235 32806
28236 33179
28237 33180
28238 33181
28239 33184
28240 33178
28241 33176
28242 34071
28243 34109
28244 34074
28245 34030
28246 34092
28247 34093
28248 34067
28249 34065
28250 34083
28251 34081
28252 34068
28253 34028
28254 34085
28255 34047
28256 34054
28257 34690
28258 34676
28259 34678
28260 34656
28261 34662
28262 34680
28263 34664
28264 34649
28265 34647
28266 34636
28267 34643
28268 34907
28269 34909
28270 35088
28271 35079
28272 35090
28273 35091
28274 35093
28275 35082
28276 35516
28277 35538
28278 35527
28279 35524
28280 35477
28281 35531
28282 35576
28283 35506
28284 35529
28285 35522
28286 35519
28449 35504
28450 35542
28451 35533
28452 35510
28453 35513
28454 35547
28455 35916
28456 35918
28457 35948
28458 36064
28459 36062
28460 36070
28461 36068
28462 36076
28463 36077
28464 36066
28465 36067
28466 36060
28467 36074
28468 36065
28469 36205
28470 36255
28471 36259
28472 36395
28473 36368
28474 36381
28475 36386
28476 36367
28477 36393
28478 36383
28479 36385
28480 36382
28481 36538
28482 36637
28483 36635
28484 36639
28485 36649
28486 36646
28487 36650
28488 36636
28489 36638
28490 36645
28491 36969
28492 36974
28493 36968
28494 36973
28495 36983
28496 37168
28497 37165
28498 37159
28499 37169
28500 37255
28501 37257
28502 37259
28503 37251
28504 37573
28505 37563
28506 37559
28507 37610
28508 37604
28509 37569
28510 37555
28511 37564
28512 37586
28513 37575
28514 37616
28515 37554
28516 38317
28517 38321
28518 38660
28519 38662
28520 38663
28521 38665
28522 38752
28523 38797
28524 38795
28525 38799
28526 38945
28527 38955
28528 38940
28529 39091
28530 39178
28531 39187
28532 39186
28533 39192
28534 39389
28535 39376
28536 39391
28537 39387
28538 39377
28539 39381
28540 39378
28541 39385
28542 39607
28705 39662
28706 39663
28707 39719
28708 39749
28709 39748
28710 39799
28711 39791
28712 40198
28713 40201
28714 40195
28715 40617
28716 40638
28717 40654
28718 22696
28719 40786
28720 20754
28721 20760
28722 20756
28723 20752
28724 20757
28725 20864
28726 20906
28727 20957
28728 21137
28729 21139
28730 21235
28731 22105
28732 22123
28733 22137
28734 22121
28735 22116
28736 22136
28737 22122
28738 22120
28739 22117
28740 22129
28741 22127
28742 22124
28743 22114
28744 22134
28745 22721
28746 22718
28747 22727
28748 22725
28749 22894
28750 23325
28751 23348
28752 23416
28753 23536
28754 23566
28755 24394
28756 25010
28757 24977
28758 25001
28759 24970
28760 25037
28761 25014
28762 25022
28763 25034
28764 25032
28765 25136
28766 25797
28767 25793
28768 25803
28769 25787
28770 25788
28771 25818
28772 25796
28773 25799
28774 25794
28775 25805
28776 25791
28777 25810
28778 25812
28779 25790
28780 25972
28781 26310
28782 26313
28783 26297
28784 26308
28785 26311
28786 26296
28787 27197
28788 27192
28789 27194
28790 27225
28791 27243
28792 27224
28793 27193
28794 27204
28795 27234
28796 27233
28797 27211
28798 27207
28961 27189
28962 27231
28963 27208
28964 27481
28965 27511
28966 27653
28967 28610
28968 28593
28969 28577
28970 28611
28971 28580
28972 28609
28973 28583
28974 28595
28975 28608
28976 28601
28977 28598
28978 28582
28979 28576
28980 28596
28981 29118
28982 29129
28983 29136
28984 29138
28985 29128
28986 29141
28987 29113
28988 29134
28989 29145
28990 29148
28991 29123
28992 29124
28993 29544
28994 29852
28995 29859
28996 29848
28997 29855
28998 29854
28999 29922
29000 29964
29001 29965
29002 30260
29003 30264
29004 30266
29005 30439
29006 30437
29007 30624
29008 30622
29009 30623
29010 30629
29011 30952
29012 30938
29013 30956
29014 30951
29015 31142
29016 31309
29017 31310
29018 31302
29019 31308
29020 31307
29021 31418
29022 31705
29023 31761
29024 31689
29025 31716
29026 31707
29027 31713
29028 31721
29029 31718
29030 31957
29031 31958
29032 32266
29033 32273
29034 32264
29035 32283
29036 32291
29037 32286
29038 32285
29039 32265
29040 32272
29041 32633
29042 32690
29043 32752
29044 32753
29045 32750
29046 32808
29047 33203
29048 33193
29049 33192
29050 33275
29051 33288
29052 33368
29053 33369
29054 34122
29217 34137
29218 34120
29219 34152
29220 34153
29221 34115
29222 34121
29223 34157
29224 34154
29225 34142
29226 34691
29227 34719
29228 34718
29229 34722
29230 34701
29231 34913
29232 35114
29233 35122
29234 35109
29235 35115
29236 35105
29237 35242
29238 35238
29239 35558
29240 35578
29241 35563
29242 35569
29243 35584
29244 35548
29245 35559
29246 35566
29247 35582
29248 35585
29249 35586
29250 35575
29251 35565
29252 35571
29253 35574
29254 35580
29255 35947
29256 35949
29257 35987
29258 36084
29259 36420
29260 36401
29261 36404
29262 36418
29263 36409
29264 36405
29265 36667
29266 36655
29267 36664
29268 36659
29269 36776
29270 36774
29271 36981
29272 36980
29273 36984
29274 36978
29275 36988
29276 36986
29277 37172
29278 37266
29279 37664
29280 37686
29281 37624
29282 37683
29283 37679
29284 37666
29285 37628
29286 37675
29287 37636
29288 37658
29289 37648
29290 37670
29291 37665
29292 37653
29293 37678
29294 37657
29295 38331
29296 38567
29297 38568
29298 38570
29299 38613
29300 38670
29301 38673
29302 38678
29303 38669
29304 38675
29305 38671
29306 38747
29307 38748
29308 38758
29309 38808
29310 38960
29473 38968
29474 38971
29475 38967
29476 38957
29477 38969
29478 38948
29479 39184
29480 39208
29481 39198
29482 39195
29483 39201
29484 39194
29485 39405
29486 39394
29487 39409
29488 39608
29489 39612
29490 39675
29491 39661
29492 39720
29493 39825
29494 40213
29495 40227
29496 40230
29497 40232
29498 40210
29499 40219
29500 40664
29501 40660
29502 40845
29503 40860
29504 20778
29505 20767
29506 20769
29507 20786
29508 21237
29509 22158
29510 22144
29511 22160
29512 22149
29513 22151
29514 22159
29515 22741
29516 22739
29517 22737
29518 22734
29519 23344
29520 23338
29521 23332
29522 23418
29523 23607
29524 23656
29525 23996
29526 23994
29527 23997
29528 23992
29529 24171
29530 24396
29531 24509
29532 25033
29533 25026
29534 25031
29535 25062
29536 25035
29537 25138
29538 25140
29539 25806
29540 25802
29541 25816
29542 25824
29543 25840
29544 25830
29545 25836
29546 25841
29547 25826
29548 25837
29549 25986
29550 25987
29551 26329
29552 26326
29553 27264
29554 27284
29555 27268
29556 27298
29557 27292
29558 27355
29559 27299
29560 27262
29561 27287
29562 27280
29563 27296
29564 27484
29565 27566
29566 27610
29729 27656
29730 28632
29731 28657
29732 28639
29733 28640
29734 28635
29735 28644
29736 28651
29737 28655
29738 28544
29739 28652
29740 28641
29741 28649
29742 28629
29743 28654
29744 28656
29745 29159
29746 29151
29747 29166
29748 29158
29749 29157
29750 29165
29751 29164
29752 29172
29753 29152
29754 29237
29755 29254
29756 29552
29757 29554
29758 29865
29759 29872
29760 29862
29761 29864
29762 30278
29763 30274
29764 30284
29765 30442
29766 30643
29767 30634
29768 30640
29769 30636
29770 30631
29771 30637
29772 30703
29773 30967
29774 30970
29775 30964
29776 30959
29777 30977
29778 31143
29779 31146
29780 31319
29781 31423
29782 31751
29783 31757
29784 31742
29785 31735
29786 31756
29787 31712
29788 31968
29789 31964
29790 31966
29791 31970
29792 31967
29793 31961
29794 31965
29795 32302
29796 32318
29797 32326
29798 32311
29799 32306
29800 32323
29801 32299
29802 32317
29803 32305
29804 32325
29805 32321
29806 32308
29807 32313
29808 32328
29809 32309
29810 32319
29811 32303
29812 32580
29813 32755
29814 32764
29815 32881
29816 32882
29817 32880
29818 32879
29819 32883
29820 33222
29821 33219
29822 33210
29985 33218
29986 33216
29987 33215
29988 33213
29989 33225
29990 33214
29991 33256
29992 33289
29993 33393
29994 34218
29995 34180
29996 34174
29997 34204
29998 34193
29999 34196
30000 34223
30001 34203
30002 34183
30003 34216
30004 34186
30005 34214
30006 34407
30007 34752
30008 34769
30009 34739
30010 34770
30011 34758
30012 34731
30013 34747
30014 34746
30015 34760
30016 34763
30017 35131
30018 35126
30019 35140
30020 35128
30021 35133
30022 35244
30023 35598
30024 35607
30025 35609
30026 35611
30027 35594
30028 35616
30029 35613
30030 35588
30031 35600
30032 35905
30033 35903
30034 35955
30035 36090
30036 36093
30037 36092
30038 36088
30039 36091
30040 36264
30041 36425
30042 36427
30043 36424
30044 36426
30045 36676
30046 36670
30047 36674
30048 36677
30049 36671
30050 36991
30051 36989
30052 36996
30053 36993
30054 36994
30055 36992
30056 37177
30057 37283
30058 37278
30059 37276
30060 37709
30061 37762
30062 37672
30063 37749
30064 37706
30065 37733
30066 37707
30067 37656
30068 37758
30069 37740
30070 37723
30071 37744
30072 37722
30073 37716
30074 38346
30075 38347
30076 38348
30077 38344
30078 38342
30241 38577
30242 38584
30243 38614
30244 38684
30245 38686
30246 38816
30247 38867
30248 38982
30249 39094
30250 39221
30251 39425
30252 39423
30253 39854
30254 39851
30255 39850
30256 39853
30257 40251
30258 40255
30259 40587
30260 40655
30261 40670
30262 40668
30263 40669
30264 40667
30265 40766
30266 40779
30267 21474
30268 22165
30269 22190
30270 22745
30271 22744
30272 23352
30273 24414
30274 25059
30275 25139
30276 25844
30277 25842
30278 25854
30279 25862
30280 25850
30281 25851
30282 25847
30283 26039
30284 26332
30285 26406
30286 27315
30287 27308
30288 27331
30289 27323
30290 27320
30291 27330
30292 27310
30293 27311
30294 27487
30295 27512
30296 27567
30297 28681
30298 28683
30299 28670
30300 28678
30301 28666
30302 28689
30303 28687
30304 29179
30305 29180
30306 29182
30307 29176
30308 29559
30309 29557
30310 29863
30311 29887
30312 29973
30313 30294
30314 30296
30315 30290
30316 30653
30317 30655
30318 30651
30319 30652
30320 30990
30321 31150
30322 31329
30323 31330
30324 31328
30325 31428
30326 31429
30327 31787
30328 31783
30329 31786
30330 31774
30331 31779
30332 31777
30333 31975
30334 32340
30497 32341
30498 32350
30499 32346
30500 32353
30501 32338
30502 32345
30503 32584
30504 32761
30505 32763
30506 32887
30507 32886
30508 33229
30509 33231
30510 33290
30511 34255
30512 34217
30513 34253
30514 34256
30515 34249
30516 34224
30517 34234
30518 34233
30519 34799
30520 34796
30521 34802
30522 34784
30523 35206
30524 35250
30525 35316
30526 35624
30527 35641
30528 35628
30529 35627
30530 35920
30531 36101
30532 36441
30533 36451
30534 36454
30535 36452
30536 36447
30537 36437
30538 36544
30539 36681
30540 36685
30541 36999
30542 36995
30543 37000
30544 37291
30545 37292
30546 37328
30547 37780
30548 37770
30549 37782
30550 37794
30551 37811
30552 37806
30553 37804
30554 37808
30555 37784
30556 37786
30557 37783
30558 38356
30559 38358
30560 38352
30561 38357
30562 38626
30563 38620
30564 38617
30565 38619
30566 38622
30567 38692
30568 38819
30569 38822
30570 38829
30571 38905
30572 38989
30573 38991
30574 38988
30575 38990
30576 38995
30577 39098
30578 39230
30579 39231
30580 39229
30581 39214
30582 39333
30583 39438
30584 39617
30585 39683
30586 39686
30587 39759
30588 39758
30589 39757
30590 39882
30753 39881
30754 39933
30755 39880
30756 39872
30757 40273
30758 40285
30759 40288
30760 40672
30761 40725
30762 40748
30763 20787
30764 22181
30765 22184
30766 22750
30767 22751
30768 22754
30769 23541
30770 40848
30771 24300
30772 25074
30773 25079
30774 25078
30775 25077
30776 25856
30777 25871
30778 26336
30779 26333
30780 27365
30781 27357
30782 27354
30783 27347
30784 28699
30785 28703
30786 28712
30787 28698
30788 28701
30789 28693
30790 28696
30791 29190
30792 29197
30793 29272
30794 29346
30795 29560
30796 29562
30797 29885
30798 29898
30799 29923
30800 30087
30801 30086
30802 30303
30803 30305
30804 30663
30805 31001
30806 31153
30807 31339
30808 31337
30809 31806
30810 31807
30811 31800
30812 31805
30813 31799
30814 31808
30815 32363
30816 32365
30817 32377
30818 32361
30819 32362
30820 32371
30821 32645
30822 32694
30823 32697
30824 32696
30825 33240
30826 34281
30827 34269
30828 34282
30829 34261
30830 34276
30831 34277
30832 34295
30833 34811
30834 34821
30835 34829
30836 34809
30837 34814
30838 35168
30839 35167
30840 35158
30841 35166
30842 35649
30843 35676
30844 35672
30845 35657
30846 35674
31009 35662
31010 35663
31011 35654
31012 35673
31013 36104
31014 36106
31015 36476
31016 36466
31017 36487
31018 36470
31019 36460
31020 36474
31021 36468
31022 36692
31023 36686
31024 36781
31025 37002
31026 37003
31027 37297
31028 37294
31029 37857
31030 37841
31031 37855
31032 37827
31033 37832
31034 37852
31035 37853
31036 37846
31037 37858
31038 37837
31039 37848
31040 37860
31041 37847
31042 37864
31043 38364
31044 38580
31045 38627
31046 38698
31047 38695
31048 38753
31049 38876
31050 38907
31051 39006
31052 39000
31053 39003
31054 39100
31055 39237
31056 39241
31057 39446
31058 39449
31059 39693
31060 39912
31061 39911
31062 39894
31063 39899
31064 40329
31065 40289
31066 40306
31067 40298
31068 40300
31069 40594
31070 40599
31071 40595
31072 40628
31073 21240
31074 22199
31075 22198
31076 22196
31077 22204
31078 22756
31079 23360
31080 23363
31081 23421
31082 23542
31083 24009
31084 25080
31085 25082
31086 25880
31087 25876
31088 25881
31089 26342
31090 26407
31091 27372
31092 28734
31093 28720
31094 28722
31095 29200
31096 29563
31097 29903
31098 30306
31099 30309
31100 31014
31101 31018
31102 31020
31265 31019
31266 31431
31267 31478
31268 31820
31269 31811
31270 31821
31271 31983
31272 31984
31273 36782
31274 32381
31275 32380
31276 32386
31277 32588
31278 32768
31279 33242
31280 33382
31281 34299
31282 34297
31283 34321
31284 34298
31285 34310
31286 34315
31287 34311
31288 34314
31289 34836
31290 34837
31291 35172
31292 35258
31293 35320
31294 35696
31295 35692
31296 35686
31297 35695
31298 35679
31299 35691
31300 36111
31301 36109
31302 36489
31303 36481
31304 36485
31305 36482
31306 37300
31307 37323
31308 37912
31309 37891
31310 37885
31311 38369
31312 38704
31313 39108
31314 39250
31315 39249
31316 39336
31317 39467
31318 39472
31319 39479
31320 39477
31321 39955
31322 39949
31323 40569
31324 40629
31325 40680
31326 40751
31327 40799
31328 40803
31329 40801
31330 20791
31331 20792
31332 22209
31333 22208
31334 22210
31335 22804
31336 23660
31337 24013
31338 25084
31339 25086
31340 25885
31341 25884
31342 26005
31343 26345
31344 27387
31345 27396
31346 27386
31347 27570
31348 28748
31349 29211
31350 29351
31351 29910
31352 29908
31353 30313
31354 30675
31355 31824
31356 32399
31357 32396
31358 32700
31521 34327
31522 34349
31523 34330
31524 34851
31525 34850
31526 34849
31527 34847
31528 35178
31529 35180
31530 35261
31531 35700
31532 35703
31533 35709
31534 36115
31535 36490
31536 36493
31537 36491
31538 36703
31539 36783
31540 37306
31541 37934
31542 37939
31543 37941
31544 37946
31545 37944
31546 37938
31547 37931
31548 38370
31549 38712
31550 38713
31551 38706
31552 38911
31553 39015
31554 39013
31555 39255
31556 39493
31557 39491
31558 39488
31559 39486
31560 39631
31561 39764
31562 39761
31563 39981
31564 39973
31565 40367
31566 40372
31567 40386
31568 40376
31569 40605
31570 40687
31571 40729
31572 40796
31573 40806
31574 40807
31575 20796
31576 20795
31577 22216
31578 22218
31579 22217
31580 23423
31581 24020
31582 24018
31583 24398
31584 25087
31585 25892
31586 27402
31587 27489
31588 28753
31589 28760
31590 29568
31591 29924
31592 30090
31593 30318
31594 30316
31595 31155
31596 31840
31597 31839
31598 32894
31599 32893
31600 33247
31601 35186
31602 35183
31603 35324
31604 35712
31605 36118
31606 36119
31607 36497
31608 36499
31609 36705
31610 37192
31611 37956
31612 37969
31613 37970
31614 38717
31777 38718
31778 38851
31779 38849
31780 39019
31781 39253
31782 39509
31783 39501
31784 39634
31785 39706
31786 40009
31787 39985
31788 39998
31789 39995
31790 40403
31791 40407
31792 40756
31793 40812
31794 40810
31795 40852
31796 22220
31797 24022
31798 25088
31799 25891
31800 25899
31801 25898
31802 26348
31803 27408
31804 29914
31805 31434
31806 31844
31807 31843
31808 31845
31809 32403
31810 32406
31811 32404
31812 33250
31813 34360
31814 34367
31815 34865
31816 35722
31817 37008
31818 37007
31819 37987
31820 37984
31821 37988
31822 38760
31823 39023
31824 39260
31825 39514
31826 39515
31827 39511
31828 39635
31829 39636
31830 39633
31831 40020
31832 40023
31833 40022
31834 40421
31835 40607
31836 40692
31837 22225
31838 22761
31839 25900
31840 28766
31841 30321
31842 30322
31843 30679
31844 32592
31845 32648
31846 34870
31847 34873
31848 34914
31849 35731
31850 35730
31851 35734
31852 33399
31853 36123
31854 37312
31855 37994
31856 38722
31857 38728
31858 38724
31859 38854
31860 39024
31861 39519
31862 39714
31863 39768
31864 40031
31865 40441
31866 40442
31867 40572
31868 40573
31869 40711
31870 40823
32033 40818
32034 24307
32035 27414
32036 28771
32037 31852
32038 31854
32039 34875
32040 35264
32041 36513
32042 37313
32043 38002
32044 38000
32045 39025
32046 39262
32047 39638
32048 39715
32049 40652
32050 28772
32051 30682
32052 35738
32053 38007
32054 38857
32055 39522
32056 39525
32057 32412
32058 35740
32059 36522
32060 37317
32061 38013
32062 38014
32063 38012
32064 40055
32065 40056
32066 40695
32067 35924
32068 38015
32069 40474
32070 29224
32071 39530
32072 39729
32073 40475
32074 40478
32075 31858
