# This file was auto-generated from "aix-IBM_udcJP_GR-4.3.6.ucm"
# by "codepage-parser.pwn", (c) MPL 1.1, Alex "Y_Less" Cole, 2022.
#
# Lines with a single number denote bytes that are followed by a second byte to
# create a DCBS pair.
#
# Lines with two numbers are byte sequence to unicode equivalent.

# DBCS Lead Bytes
173
229
230
231
232
233
234
235
236
237
238
239
240
241
242
243
244
245
246
247
248
249
250
251
252
253

# Single Byte Codes

# Double Byte Codes
44449 9312
44450 9313
44451 9314
44452 9315
44453 9316
44454 9317
44455 9318
44456 9319
44457 9320
44458 9321
44459 9322
44460 9323
44461 9324
44462 9325
44463 9326
44464 9327
44465 9328
44466 9329
44467 9330
44468 9331
44480 13129
44481 13076
44482 13090
44483 13133
44484 13080
44485 13095
44486 13059
44487 13110
44488 13137
44489 13143
44490 13069
44491 13094
44492 13091
44493 13099
44494 13130
44495 13115
44496 13212
44497 13213
44498 13214
44499 13198
44500 13199
44501 13252
44502 13217
44511 13179
44512 12317
44513 12319
44515 13261
44517 12964
44518 12965
44519 12966
44520 12967
44521 12968
44523 12850
44524 12857
44525 13182
44526 13181
44527 13180
44528 8786
44529 8801
44530 8747
44531 8750
44532 8721
44533 8730
44534 8869
44535 8736
44536 8735
44537 8895
44538 8757
44539 8745
44540 8746
58785 57344
58786 57345
58787 57346
58788 57347
58789 57348
58790 57349
58791 57350
58792 57351
58793 57352
58794 57353
58795 57354
58796 57355
58797 57356
58798 57357
58799 57358
58800 57359
58801 57360
58802 57361
58803 57362
58804 57363
58805 57364
58806 57365
58807 57366
58808 57367
58809 57368
58810 57369
58811 57370
58812 57371
58813 57372
58814 57373
58815 57374
58816 57375
58817 57376
58818 57377
58819 57378
58820 57379
58821 57380
58822 57381
58823 57382
58824 57383
58825 57384
58826 57385
58827 57386
58828 57387
58829 57388
58830 57389
58831 57390
58832 57391
58833 57392
58834 57393
58835 57394
58836 57395
58837 57396
58838 57397
58839 57398
58840 57399
58841 57400
58842 57401
58843 57402
58844 57403
58845 57404
58846 57405
58847 57406
58848 57407
58849 57408
58850 57409
58851 57410
58852 57411
58853 57412
58854 57413
58855 57414
58856 57415
58857 57416
58858 57417
58859 57418
58860 57419
58861 57420
58862 57421
58863 57422
58864 57423
58865 57424
58866 57425
58867 57426
58868 57427
58869 57428
58870 57429
58871 57430
58872 57431
58873 57432
58874 57433
58875 57434
58876 57435
58877 57436
58878 57437
59041 57438
59042 57439
59043 57440
59044 57441
59045 57442
59046 57443
59047 57444
59048 57445
59049 57446
59050 57447
59051 57448
59052 57449
59053 57450
59054 57451
59055 57452
59056 57453
59057 57454
59058 57455
59059 57456
59060 57457
59061 57458
59062 57459
59063 57460
59064 57461
59065 57462
59066 57463
59067 57464
59068 57465
59069 57466
59070 57467
59071 57468
59072 57469
59073 57470
59074 57471
59075 57472
59076 57473
59077 57474
59078 57475
59079 57476
59080 57477
59081 57478
59082 57479
59083 57480
59084 57481
59085 57482
59086 57483
59087 57484
59088 57485
59089 57486
59090 57487
59091 57488
59092 57489
59093 57490
59094 57491
59095 57492
59096 57493
59097 57494
59098 57495
59099 57496
59100 57497
59101 57498
59102 57499
59103 57500
59104 57501
59105 57502
59106 57503
59107 57504
59108 57505
59109 57506
59110 57507
59111 57508
59112 57509
59113 57510
59114 57511
59115 57512
59116 57513
59117 57514
59118 57515
59119 57516
59120 57517
59121 57518
59122 57519
59123 57520
59124 57521
59125 57522
59126 57523
59127 57524
59128 57525
59129 57526
59130 57527
59131 57528
59132 57529
59133 57530
59134 57531
59297 57532
59298 57533
59299 57534
59300 57535
59301 57536
59302 57537
59303 57538
59304 57539
59305 57540
59306 57541
59307 57542
59308 57543
59309 57544
59310 57545
59311 57546
59312 57547
59313 57548
59314 57549
59315 57550
59316 57551
59317 57552
59318 57553
59319 57554
59320 57555
59321 57556
59322 57557
59323 57558
59324 57559
59325 57560
59326 57561
59327 57562
59328 57563
59329 57564
59330 57565
59331 57566
59332 57567
59333 57568
59334 57569
59335 57570
59336 57571
59337 57572
59338 57573
59339 57574
59340 57575
59341 57576
59342 57577
59343 57578
59344 57579
59345 57580
59346 57581
59347 57582
59348 57583
59349 57584
59350 57585
59351 57586
59352 57587
59353 57588
59354 57589
59355 57590
59356 57591
59357 57592
59358 57593
59359 57594
59360 57595
59361 57596
59362 57597
59363 57598
59364 57599
59365 57600
59366 57601
59367 57602
59368 57603
59369 57604
59370 57605
59371 57606
59372 57607
59373 57608
59374 57609
59375 57610
59376 57611
59377 57612
59378 57613
59379 57614
59380 57615
59381 57616
59382 57617
59383 57618
59384 57619
59385 57620
59386 57621
59387 57622
59388 57623
59389 57624
59390 57625
59553 57626
59554 57627
59555 57628
59556 57629
59557 57630
59558 57631
59559 57632
59560 57633
59561 57634
59562 57635
59563 57636
59564 57637
59565 57638
59566 57639
59567 57640
59568 57641
59569 57642
59570 57643
59571 57644
59572 57645
59573 57646
59574 57647
59575 57648
59576 57649
59577 57650
59578 57651
59579 57652
59580 57653
59581 57654
59582 57655
59583 57656
59584 57657
59585 57658
59586 57659
59587 57660
59588 57661
59589 57662
59590 57663
59591 57664
59592 57665
59593 57666
59594 57667
59595 57668
59596 57669
59597 57670
59598 57671
59599 57672
59600 57673
59601 57674
59602 57675
59603 57676
59604 57677
59605 57678
59606 57679
59607 57680
59608 57681
59609 57682
59610 57683
59611 57684
59612 57685
59613 57686
59614 57687
59615 57688
59616 57689
59617 57690
59618 57691
59619 57692
59620 57693
59621 57694
59622 57695
59623 57696
59624 57697
59625 57698
59626 57699
59627 57700
59628 57701
59629 57702
59630 57703
59631 57704
59632 57705
59633 57706
59634 57707
59635 57708
59636 57709
59637 57710
59638 57711
59639 57712
59640 57713
59641 57714
59642 57715
59643 57716
59644 57717
59645 57718
59646 57719
59809 57720
59810 57721
59811 57722
59812 57723
59813 57724
59814 57725
59815 57726
59816 57727
59817 57728
59818 57729
59819 57730
59820 57731
59821 57732
59822 57733
59823 57734
59824 57735
59825 57736
59826 57737
59827 57738
59828 57739
59829 57740
59830 57741
59831 57742
59832 57743
59833 57744
59834 57745
59835 57746
59836 57747
59837 57748
59838 57749
59839 57750
59840 57751
59841 57752
59842 57753
59843 57754
59844 57755
59845 57756
59846 57757
59847 57758
59848 57759
59849 57760
59850 57761
59851 57762
59852 57763
59853 57764
59854 57765
59855 57766
59856 57767
59857 57768
59858 57769
59859 57770
59860 57771
59861 57772
59862 57773
59863 57774
59864 57775
59865 57776
59866 57777
59867 57778
59868 57779
59869 57780
59870 57781
59871 57782
59872 57783
59873 57784
59874 57785
59875 57786
59876 57787
59877 57788
59878 57789
59879 57790
59880 57791
59881 57792
59882 57793
59883 57794
59884 57795
59885 57796
59886 57797
59887 57798
59888 57799
59889 57800
59890 57801
59891 57802
59892 57803
59893 57804
59894 57805
59895 57806
59896 57807
59897 57808
59898 57809
59899 57810
59900 57811
59901 57812
59902 57813
60065 57814
60066 57815
60067 57816
60068 57817
60069 57818
60070 57819
60071 57820
60072 57821
60073 57822
60074 57823
60075 57824
60076 57825
60077 57826
60078 57827
60079 57828
60080 57829
60081 57830
60082 57831
60083 57832
60084 57833
60085 57834
60086 57835
60087 57836
60088 57837
60089 57838
60090 57839
60091 57840
60092 57841
60093 57842
60094 57843
60095 57844
60096 57845
60097 57846
60098 57847
60099 57848
60100 57849
60101 57850
60102 57851
60103 57852
60104 57853
60105 57854
60106 57855
60107 57856
60108 57857
60109 57858
60110 57859
60111 57860
60112 57861
60113 57862
60114 57863
60115 57864
60116 57865
60117 57866
60118 57867
60119 57868
60120 57869
60121 57870
60122 57871
60123 57872
60124 57873
60125 57874
60126 57875
60127 57876
60128 57877
60129 57878
60130 57879
60131 57880
60132 57881
60133 57882
60134 57883
60135 57884
60136 57885
60137 57886
60138 57887
60139 57888
60140 57889
60141 57890
60142 57891
60143 57892
60144 57893
60145 57894
60146 57895
60147 57896
60148 57897
60149 57898
60150 57899
60151 57900
60152 57901
60153 57902
60154 57903
60155 57904
60156 57905
60157 57906
60158 57907
60321 57908
60322 57909
60323 57910
60324 57911
60325 57912
60326 57913
60327 57914
60328 57915
60329 57916
60330 57917
60331 57918
60332 57919
60333 57920
60334 57921
60335 57922
60336 57923
60337 57924
60338 57925
60339 57926
60340 57927
60341 57928
60342 57929
60343 57930
60344 57931
60345 57932
60346 57933
60347 57934
60348 57935
60349 57936
60350 57937
60351 57938
60352 57939
60353 57940
60354 57941
60355 57942
60356 57943
60357 57944
60358 57945
60359 57946
60360 57947
60361 57948
60362 57949
60363 57950
60364 57951
60365 57952
60366 57953
60367 57954
60368 57955
60369 57956
60370 57957
60371 57958
60372 57959
60373 57960
60374 57961
60375 57962
60376 57963
60377 57964
60378 57965
60379 57966
60380 57967
60381 57968
60382 57969
60383 57970
60384 57971
60385 57972
60386 57973
60387 57974
60388 57975
60389 57976
60390 57977
60391 57978
60392 57979
60393 57980
60394 57981
60395 57982
60396 57983
60397 57984
60398 57985
60399 57986
60400 57987
60401 57988
60402 57989
60403 57990
60404 57991
60405 57992
60406 57993
60407 57994
60408 57995
60409 57996
60410 57997
60411 57998
60412 57999
60413 58000
60414 58001
60577 58002
60578 58003
60579 58004
60580 58005
60581 58006
60582 58007
60583 58008
60584 58009
60585 58010
60586 58011
60587 58012
60588 58013
60589 58014
60590 58015
60591 58016
60592 58017
60593 58018
60594 58019
60595 58020
60596 58021
60597 58022
60598 58023
60599 58024
60600 58025
60601 58026
60602 58027
60603 58028
60604 58029
60605 58030
60606 58031
60607 58032
60608 58033
60609 58034
60610 58035
60611 58036
60612 58037
60613 58038
60614 58039
60615 58040
60616 58041
60617 58042
60618 58043
60619 58044
60620 58045
60621 58046
60622 58047
60623 58048
60624 58049
60625 58050
60626 58051
60627 58052
60628 58053
60629 58054
60630 58055
60631 58056
60632 58057
60633 58058
60634 58059
60635 58060
60636 58061
60637 58062
60638 58063
60639 58064
60640 58065
60641 58066
60642 58067
60643 58068
60644 58069
60645 58070
60646 58071
60647 58072
60648 58073
60649 58074
60650 58075
60651 58076
60652 58077
60653 58078
60654 58079
60655 58080
60656 58081
60657 58082
60658 58083
60659 58084
60660 58085
60661 58086
60662 58087
60663 58088
60664 58089
60665 58090
60666 58091
60667 58092
60668 58093
60669 58094
60670 58095
60833 58096
60834 58097
60835 58098
60836 58099
60837 58100
60838 58101
60839 58102
60840 58103
60841 58104
60842 58105
60843 58106
60844 58107
60845 58108
60846 58109
60847 58110
60848 58111
60849 58112
60850 58113
60851 58114
60852 58115
60853 58116
60854 58117
60855 58118
60856 58119
60857 58120
60858 58121
60859 58122
60860 58123
60861 58124
60862 58125
60863 58126
60864 58127
60865 58128
60866 58129
60867 58130
60868 58131
60869 58132
60870 58133
60871 58134
60872 58135
60873 58136
60874 58137
60875 58138
60876 58139
60877 58140
60878 58141
60879 58142
60880 58143
60881 58144
60882 58145
60883 58146
60884 58147
60885 58148
60886 58149
60887 58150
60888 58151
60889 58152
60890 58153
60891 58154
60892 58155
60893 58156
60894 58157
60895 58158
60896 58159
60897 58160
60898 58161
60899 58162
60900 58163
60901 58164
60902 58165
60903 58166
60904 58167
60905 58168
60906 58169
60907 58170
60908 58171
60909 58172
60910 58173
60911 58174
60912 58175
60913 58176
60914 58177
60915 58178
60916 58179
60917 58180
60918 58181
60919 58182
60920 58183
60921 58184
60922 58185
60923 58186
60924 58187
60925 58188
60926 58189
61089 58190
61090 58191
61091 58192
61092 58193
61093 58194
61094 58195
61095 58196
61096 58197
61097 58198
61098 58199
61099 58200
61100 58201
61101 58202
61102 58203
61103 58204
61104 58205
61105 58206
61106 58207
61107 58208
61108 58209
61109 58210
61110 58211
61111 58212
61112 58213
61113 58214
61114 58215
61115 58216
61116 58217
61117 58218
61118 58219
61119 58220
61120 58221
61121 58222
61122 58223
61123 58224
61124 58225
61125 58226
61126 58227
61127 58228
61128 58229
61129 58230
61130 58231
61131 58232
61132 58233
61133 58234
61134 58235
61135 58236
61136 58237
61137 58238
61138 58239
61139 58240
61140 58241
61141 58242
61142 58243
61143 58244
61144 58245
61145 58246
61146 58247
61147 58248
61148 58249
61149 58250
61150 58251
61151 58252
61152 58253
61153 58254
61154 58255
61155 58256
61156 58257
61157 58258
61158 58259
61159 58260
61160 58261
61161 58262
61162 58263
61163 58264
61164 58265
61165 58266
61166 58267
61167 58268
61168 58269
61169 58270
61170 58271
61171 58272
61172 58273
61173 58274
61174 58275
61175 58276
61176 58277
61177 58278
61178 58279
61179 58280
61180 58281
61181 58282
61182 58283
61345 58284
61346 58285
61347 58286
61348 58287
61349 58288
61350 58289
61351 58290
61352 58291
61353 58292
61354 58293
61355 58294
61356 58295
61357 58296
61358 58297
61359 58298
61360 58299
61361 58300
61362 58301
61363 58302
61364 58303
61365 58304
61366 58305
61367 58306
61368 58307
61369 58308
61370 58309
61371 58310
61372 58311
61373 58312
61374 58313
61375 58314
61376 58315
61377 58316
61378 58317
61379 58318
61380 58319
61381 58320
61382 58321
61383 58322
61384 58323
61385 58324
61386 58325
61387 58326
61388 58327
61389 58328
61390 58329
61391 58330
61392 58331
61393 58332
61394 58333
61395 58334
61396 58335
61397 58336
61398 58337
61399 58338
61400 58339
61401 58340
61402 58341
61403 58342
61404 58343
61405 58344
61406 58345
61407 58346
61408 58347
61409 58348
61410 58349
61411 58350
61412 58351
61413 58352
61414 58353
61415 58354
61416 58355
61417 58356
61418 58357
61419 58358
61420 58359
61421 58360
61422 58361
61423 58362
61424 58363
61425 58364
61426 58365
61427 58366
61428 58367
61429 58368
61430 58369
61431 58370
61432 58371
61433 58372
61434 58373
61435 58374
61436 58375
61437 58376
61438 58377
61601 58378
61602 58379
61603 58380
61604 58381
61605 58382
61606 58383
61607 58384
61608 58385
61609 58386
61610 58387
61611 58388
61612 58389
61613 58390
61614 58391
61615 58392
61616 58393
61617 58394
61618 58395
61619 58396
61620 58397
61621 58398
61622 58399
61623 58400
61624 58401
61625 58402
61626 58403
61627 58404
61628 58405
61629 58406
61630 58407
61631 58408
61632 58409
61633 58410
61634 58411
61635 58412
61636 58413
61637 58414
61638 58415
61639 58416
61640 58417
61641 58418
61642 58419
61643 58420
61644 58421
61645 58422
61646 58423
61647 58424
61648 58425
61649 58426
61650 58427
61651 58428
61652 58429
61653 58430
61654 58431
61655 58432
61656 58433
61657 58434
61658 58435
61659 58436
61660 58437
61661 58438
61662 58439
61663 58440
61664 58441
61665 58442
61666 58443
61667 58444
61668 58445
61669 58446
61670 58447
61671 58448
61672 58449
61673 58450
61674 58451
61675 58452
61676 58453
61677 58454
61678 58455
61679 58456
61680 58457
61681 58458
61682 58459
61683 58460
61684 58461
61685 58462
61686 58463
61687 58464
61688 58465
61689 58466
61690 58467
61691 58468
61692 58469
61693 58470
61694 58471
61857 58472
61858 58473
61859 58474
61860 58475
61861 58476
61862 58477
61863 58478
61864 58479
61865 58480
61866 58481
61867 58482
61868 58483
61869 58484
61870 58485
61871 58486
61872 58487
61873 58488
61874 58489
61875 58490
61876 58491
61877 58492
61878 58493
61879 58494
61880 58495
61881 58496
61882 58497
61883 58498
61884 58499
61885 58500
61886 58501
61887 58502
61888 58503
61889 58504
61890 58505
61891 58506
61892 58507
61893 58508
61894 58509
61895 58510
61896 58511
61897 58512
61898 58513
61899 58514
61900 58515
61901 58516
61902 58517
61903 58518
61904 58519
61905 58520
61906 58521
61907 58522
61908 58523
61909 58524
61910 58525
61911 58526
61912 58527
61913 58528
61914 58529
61915 58530
61916 58531
61917 58532
61918 58533
61919 58534
61920 58535
61921 58536
61922 58537
61923 58538
61924 58539
61925 58540
61926 58541
61927 58542
61928 58543
61929 58544
61930 58545
61931 58546
61932 58547
61933 58548
61934 58549
61935 58550
61936 58551
61937 58552
61938 58553
61939 58554
61940 58555
61941 58556
61942 58557
61943 58558
61944 58559
61945 58560
61946 58561
61947 58562
61948 58563
61949 58564
61950 58565
62113 58566
62114 58567
62115 58568
62116 58569
62117 58570
62118 58571
62119 58572
62120 58573
62121 58574
62122 58575
62123 58576
62124 58577
62125 58578
62126 58579
62127 58580
62128 58581
62129 58582
62130 58583
62131 58584
62132 58585
62133 58586
62134 58587
62135 58588
62136 58589
62137 58590
62138 58591
62139 58592
62140 58593
62141 58594
62142 58595
62143 58596
62144 58597
62145 58598
62146 58599
62147 58600
62148 58601
62149 58602
62150 58603
62151 58604
62152 58605
62153 58606
62154 58607
62155 58608
62156 58609
62157 58610
62158 58611
62159 58612
62160 58613
62161 58614
62162 58615
62163 58616
62164 58617
62165 58618
62166 58619
62167 58620
62168 58621
62169 58622
62170 58623
62171 58624
62172 58625
62173 58626
62174 58627
62175 58628
62176 58629
62177 58630
62178 58631
62179 58632
62180 58633
62181 58634
62182 58635
62183 58636
62184 58637
62185 58638
62186 58639
62187 58640
62188 58641
62189 58642
62190 58643
62191 58644
62192 58645
62193 58646
62194 58647
62195 58648
62196 58649
62197 58650
62198 58651
62199 58652
62200 58653
62201 58654
62202 58655
62203 58656
62204 58657
62205 58658
62206 58659
62369 58660
62370 58661
62371 58662
62372 58663
62373 58664
62374 58665
62375 58666
62376 58667
62377 58668
62378 58669
62379 58670
62380 58671
62381 58672
62382 58673
62383 58674
62384 58675
62385 58676
62386 58677
62387 58678
62388 58679
62389 58680
62390 58681
62391 58682
62392 58683
62393 58684
62394 58685
62395 58686
62396 58687
62397 58688
62398 58689
62399 58690
62400 58691
62401 58692
62402 58693
62403 58694
62404 58695
62405 58696
62406 58697
62407 58698
62408 58699
62409 58700
62410 58701
62411 58702
62412 58703
62413 58704
62414 58705
62415 58706
62416 58707
62417 58708
62418 58709
62419 58710
62420 58711
62421 58712
62422 58713
62423 58714
62424 58715
62425 58716
62426 58717
62427 58718
62428 58719
62429 58720
62430 58721
62431 58722
62432 58723
62433 58724
62434 58725
62435 58726
62436 58727
62437 58728
62438 58729
62439 58730
62440 58731
62441 58732
62442 58733
62443 58734
62444 58735
62445 58736
62446 58737
62447 58738
62448 58739
62449 58740
62450 58741
62451 58742
62452 58743
62453 58744
62454 58745
62455 58746
62456 58747
62457 58748
62458 58749
62459 58750
62460 58751
62461 58752
62462 58753
62625 58754
62626 58755
62627 58756
62628 58757
62629 58758
62630 58759
62631 58760
62632 58761
62633 58762
62634 58763
62635 58764
62636 58765
62637 58766
62638 58767
62639 58768
62640 58769
62641 58770
62642 58771
62643 58772
62644 58773
62645 58774
62646 58775
62647 58776
62648 58777
62649 58778
62650 58779
62651 58780
62652 58781
62653 58782
62654 58783
62655 58784
62656 58785
62657 58786
62658 58787
62659 58788
62660 58789
62661 58790
62662 58791
62663 58792
62664 58793
62665 58794
62666 58795
62667 58796
62668 58797
62669 58798
62670 58799
62671 58800
62672 58801
62673 58802
62674 58803
62675 58804
62676 58805
62677 58806
62678 58807
62679 58808
62680 58809
62681 58810
62682 58811
62683 58812
62684 58813
62685 58814
62686 58815
62687 58816
62688 58817
62689 58818
62690 58819
62691 58820
62692 58821
62693 58822
62694 58823
62695 58824
62696 58825
62697 58826
62698 58827
62699 58828
62700 58829
62701 58830
62702 58831
62703 58832
62704 58833
62705 58834
62706 58835
62707 58836
62708 58837
62709 58838
62710 58839
62711 58840
62712 58841
62713 58842
62714 58843
62715 58844
62716 58845
62717 58846
62718 58847
62881 58848
62882 58849
62883 58850
62884 58851
62885 58852
62886 58853
62887 58854
62888 58855
62889 58856
62890 58857
62891 58858
62892 58859
62893 58860
62894 58861
62895 58862
62896 58863
62897 58864
62898 58865
62899 58866
62900 58867
62901 58868
62902 58869
62903 58870
62904 58871
62905 58872
62906 58873
62907 58874
62908 58875
62909 58876
62910 58877
62911 58878
62912 58879
62913 58880
62914 58881
62915 58882
62916 58883
62917 58884
62918 58885
62919 58886
62920 58887
62921 58888
62922 58889
62923 58890
62924 58891
62925 58892
62926 58893
62927 58894
62928 58895
62929 58896
62930 58897
62931 58898
62932 58899
62933 58900
62934 58901
62935 58902
62936 58903
62937 58904
62938 58905
62939 58906
62940 58907
62941 58908
62942 58909
62943 58910
62944 58911
62945 58912
62946 58913
62947 58914
62948 58915
62949 58916
62950 58917
62951 58918
62952 58919
62953 58920
62954 58921
62955 58922
62956 58923
62957 58924
62958 58925
62959 58926
62960 58927
62961 58928
62962 58929
62963 58930
62964 58931
62965 58932
62966 58933
62967 58934
62968 58935
62969 58936
62970 58937
62971 58938
62972 58939
62973 58940
62974 58941
63137 58942
63138 58943
63139 58944
63140 58945
63141 58946
63142 58947
63143 58948
63144 58949
63145 58950
63146 58951
63147 58952
63148 58953
63149 58954
63150 58955
63151 58956
63152 58957
63153 58958
63154 58959
63155 58960
63156 58961
63157 58962
63158 58963
63159 58964
63160 58965
63161 58966
63162 58967
63163 58968
63164 58969
63165 58970
63166 58971
63167 58972
63168 58973
63169 58974
63170 58975
63171 58976
63172 58977
63173 58978
63174 58979
63175 58980
63176 58981
63177 58982
63178 58983
63179 58984
63180 58985
63181 58986
63182 58987
63183 58988
63184 58989
63185 58990
63186 58991
63187 58992
63188 58993
63189 58994
63190 58995
63191 58996
63192 58997
63193 58998
63194 58999
63195 59000
63196 59001
63197 59002
63198 59003
63199 59004
63200 59005
63201 59006
63202 59007
63203 59008
63204 59009
63205 59010
63206 59011
63207 59012
63208 59013
63209 59014
63210 59015
63211 59016
63212 59017
63213 59018
63214 59019
63215 59020
63216 59021
63217 59022
63218 59023
63219 59024
63220 59025
63221 59026
63222 59027
63223 59028
63224 59029
63225 59030
63226 59031
63227 59032
63228 59033
63229 59034
63230 59035
63393 59036
63394 59037
63395 59038
63396 59039
63397 59040
63398 59041
63399 59042
63400 59043
63401 59044
63402 59045
63403 59046
63404 59047
63405 59048
63406 59049
63407 59050
63408 59051
63409 59052
63410 59053
63411 59054
63412 59055
63413 59056
63414 59057
63415 59058
63416 59059
63417 59060
63418 59061
63419 59062
63420 59063
63421 59064
63422 59065
63423 59066
63424 59067
63425 59068
63426 59069
63427 59070
63428 59071
63429 59072
63430 59073
63431 59074
63432 59075
63433 59076
63434 59077
63435 59078
63436 59079
63437 59080
63438 59081
63439 59082
63440 59083
63441 59084
63442 59085
63443 59086
63444 59087
63445 59088
63446 59089
63447 59090
63448 59091
63449 59092
63450 59093
63451 59094
63452 59095
63453 59096
63454 59097
63455 59098
63456 59099
63457 59100
63458 59101
63459 59102
63460 59103
63461 59104
63462 59105
63463 59106
63464 59107
63465 59108
63466 59109
63467 59110
63468 59111
63469 59112
63470 59113
63471 59114
63472 59115
63473 59116
63474 59117
63475 59118
63476 59119
63477 59120
63478 59121
63479 59122
63480 59123
63481 59124
63482 59125
63483 59126
63484 59127
63485 59128
63486 59129
63649 59130
63650 59131
63651 59132
63652 59133
63653 59134
63654 59135
63655 59136
63656 59137
63657 59138
63658 59139
63659 59140
63660 59141
63661 59142
63662 59143
63663 59144
63664 59145
63665 59146
63666 59147
63667 59148
63668 59149
63669 59150
63670 59151
63671 59152
63672 59153
63673 59154
63674 59155
63675 59156
63676 59157
63677 59158
63678 59159
63679 59160
63680 59161
63681 59162
63682 59163
63683 59164
63684 59165
63685 59166
63686 59167
63687 59168
63688 59169
63689 59170
63690 59171
63691 59172
63692 59173
63693 59174
63694 59175
63695 59176
63696 59177
63697 59178
63698 59179
63699 59180
63700 59181
63701 59182
63702 59183
63703 59184
63704 59185
63705 59186
63706 59187
63707 59188
63708 59189
63709 59190
63710 59191
63711 59192
63712 59193
63713 59194
63714 59195
63715 59196
63716 59197
63717 59198
63718 59199
63719 59200
63720 59201
63721 59202
63722 59203
63723 59204
63724 59205
63725 59206
63726 59207
63727 59208
63728 59209
63729 59210
63730 59211
63731 59212
63732 59213
63733 59214
63734 59215
63735 59216
63736 59217
63737 59218
63738 59219
63739 59220
63740 59221
63741 59222
63742 59223
63905 8560
63906 8561
63907 8562
63908 8563
63909 8564
63910 8565
63911 8566
63912 8567
63913 8568
63914 8569
63915 8544
63916 8545
63917 8546
63918 8547
63919 8548
63920 8549
63921 8550
63922 8551
63923 8552
63924 8553
63926 166
63927 65287
63928 65282
63929 12849
63930 8470
63931 8481
63933 32394
63934 35100
63935 37704
63936 37512
63937 34012
63938 20425
63939 28859
63940 26161
63941 26824
63942 37625
63943 26363
63944 24389
63945 20008
63946 20193
63947 20220
63948 20224
63949 20227
63950 20281
63951 20310
63952 20370
63953 20362
63954 20378
63955 20372
63956 20429
63957 20544
63958 20514
63959 20479
63960 20510
63961 20550
63962 20592
63963 20546
63964 20628
63965 20724
63966 20696
63967 20810
63968 20836
63969 20893
63970 20926
63971 20972
63972 21013
63973 21148
63974 21158
63975 21184
63976 21211
63977 21248
63978 21255
63979 21284
63980 21362
63981 21395
63982 21426
63983 21469
63984 64014
63985 21660
63986 21642
63987 21673
63988 21759
63989 21894
63990 22361
63991 22373
63992 22444
63993 22472
63994 22471
63995 64015
63996 64016
63997 22686
63998 22706
64161 22795
64162 22867
64163 22875
64164 22877
64165 22883
64166 22948
64167 22970
64168 23382
64169 23488
64170 29999
64171 23512
64172 23532
64173 23582
64174 23718
64175 23738
64176 23797
64177 23847
64178 23891
64179 64017
64180 23874
64181 23917
64182 23992
64183 23993
64184 24016
64185 24353
64186 24372
64187 24423
64188 24503
64189 24542
64190 24669
64191 24709
64192 24714
64193 24798
64194 24789
64195 24864
64196 24818
64197 24849
64198 24887
64199 24880
64200 24984
64201 25107
64202 25254
64203 25589
64204 25696
64205 25757
64206 25806
64207 25934
64208 26112
64209 26133
64210 26171
64211 26121
64212 26158
64213 26142
64214 26148
64215 26213
64216 26199
64217 26201
64218 64018
64219 26227
64220 26265
64221 26272
64222 26290
64223 26303
64224 26362
64225 26382
64226 63785
64227 26470
64228 26555
64229 26706
64230 26560
64231 26625
64232 26692
64233 26831
64234 64019
64235 26984
64236 64020
64237 27032
64238 27106
64239 27184
64240 27243
64241 27206
64242 27251
64243 27262
64244 27362
64245 27364
64246 27606
64247 27711
64248 27740
64249 27782
64250 27759
64251 27866
64252 27908
64253 28039
64254 28015
64417 28054
64418 28076
64419 28111
64420 28152
64421 28146
64422 28156
64423 28217
64424 28252
64425 28199
64426 28220
64427 28351
64428 28552
64429 28597
64430 28661
64431 28677
64432 28679
64433 28712
64434 28805
64435 28843
64436 28943
64437 28932
64438 29020
64439 28998
64440 28999
64441 64021
64442 29121
64443 29182
64444 29361
64445 29374
64446 29476
64447 64022
64448 29559
64449 29629
64450 29641
64451 29654
64452 29667
64453 29650
64454 29703
64455 29685
64456 29734
64457 29738
64458 29737
64459 29742
64460 29794
64461 29833
64462 29855
64463 29953
64464 30063
64465 30338
64466 30364
64467 30366
64468 30363
64469 30374
64470 64023
64471 30534
64472 21167
64473 30753
64474 30798
64475 30820
64476 30842
64477 31024
64478 64024
64479 64025
64480 64026
64481 31124
64482 64027
64483 31131
64484 31441
64485 31463
64486 64028
64487 31467
64488 31646
64489 64029
64490 32072
64491 32092
64492 32183
64493 32160
64494 32214
64495 32338
64496 32583
64497 32673
64498 64030
64499 33537
64500 33634
64501 33663
64502 33735
64503 33782
64504 33864
64505 33972
64506 34131
64507 34137
64508 34155
64509 64031
64510 34224
64673 64032
64674 64033
64675 34823
64676 35061
64677 35346
64678 35383
64679 35449
64680 35495
64681 35518
64682 35551
64683 64034
64684 35574
64685 35667
64686 35711
64687 36080
64688 36084
64689 36114
64690 36214
64691 64035
64692 36559
64693 64036
64694 64037
64695 36967
64696 37086
64697 64038
64698 37141
64699 37159
64700 37338
64701 37335
64702 37342
64703 37357
64704 37358
64705 37348
64706 37349
64707 37382
64708 37392
64709 37386
64710 37434
64711 37440
64712 37436
64713 37454
64714 37465
64715 37457
64716 37433
64717 37479
64718 37543
64719 37495
64720 37496
64721 37607
64722 37591
64723 37593
64724 37584
64725 64039
64726 37589
64727 37600
64728 37587
64729 37669
64730 37665
64731 37627
64732 64040
64733 37662
64734 37631
64735 37661
64736 37634
64737 37744
64738 37719
64739 37796
64740 37830
64741 37854
64742 37880
64743 37937
64744 37957
64745 37960
64746 38290
64747 63964
64748 64041
64749 38557
64750 38575
64751 38707
64752 38715
64753 38723
64754 38733
64755 38735
64756 38737
64757 38741
64758 38999
64759 39013
64760 64042
64761 64043
64762 39207
64763 64044
64764 39326
64765 39502
64766 39641
64929 39644
64930 39797
64931 39794
64932 39823
64933 39857
64934 39867
64935 39936
64936 40304
64937 40299
64938 64045
64939 40473
64940 40657
