# This file was auto-generated from "aix-IBM_udcJP-4.3.6.ucm"
# by "codepage-parser.pwn", (c) MPL 1.1, Alex "Y_Less" Cole, 2022.
#
# Lines with a single number denote bytes that are followed by a second byte to
# create a DCBS pair.
#
# Lines with two numbers are byte sequence to unicode equivalent.

# DBCS Lead Bytes
45
101
102
103
104
105
106
107
108
109
110
111
112
113
114
115
116
117
118
119
120
121
122
123
124
125

# Single Byte Codes

# Double Byte Codes
11553 9312
11554 9313
11555 9314
11556 9315
11557 9316
11558 9317
11559 9318
11560 9319
11561 9320
11562 9321
11563 9322
11564 9323
11565 9324
11566 9325
11567 9326
11568 9327
11569 9328
11570 9329
11571 9330
11572 9331
11584 13129
11585 13076
11586 13090
11587 13133
11588 13080
11589 13095
11590 13059
11591 13110
11592 13137
11593 13143
11594 13069
11595 13094
11596 13091
11597 13099
11598 13130
11599 13115
11600 13212
11601 13213
11602 13214
11603 13198
11604 13199
11605 13252
11606 13217
11615 13179
11616 12317
11617 12319
11619 13261
11621 12964
11622 12965
11623 12966
11624 12967
11625 12968
11627 12850
11628 12857
11629 13182
11630 13181
11631 13180
11632 8786
11633 8801
11634 8747
11635 8750
11636 8721
11637 8730
11638 8869
11639 8736
11640 8735
11641 8895
11642 8757
11643 8745
11644 8746
25889 57344
25890 57345
25891 57346
25892 57347
25893 57348
25894 57349
25895 57350
25896 57351
25897 57352
25898 57353
25899 57354
25900 57355
25901 57356
25902 57357
25903 57358
25904 57359
25905 57360
25906 57361
25907 57362
25908 57363
25909 57364
25910 57365
25911 57366
25912 57367
25913 57368
25914 57369
25915 57370
25916 57371
25917 57372
25918 57373
25919 57374
25920 57375
25921 57376
25922 57377
25923 57378
25924 57379
25925 57380
25926 57381
25927 57382
25928 57383
25929 57384
25930 57385
25931 57386
25932 57387
25933 57388
25934 57389
25935 57390
25936 57391
25937 57392
25938 57393
25939 57394
25940 57395
25941 57396
25942 57397
25943 57398
25944 57399
25945 57400
25946 57401
25947 57402
25948 57403
25949 57404
25950 57405
25951 57406
25952 57407
25953 57408
25954 57409
25955 57410
25956 57411
25957 57412
25958 57413
25959 57414
25960 57415
25961 57416
25962 57417
25963 57418
25964 57419
25965 57420
25966 57421
25967 57422
25968 57423
25969 57424
25970 57425
25971 57426
25972 57427
25973 57428
25974 57429
25975 57430
25976 57431
25977 57432
25978 57433
25979 57434
25980 57435
25981 57436
25982 57437
26145 57438
26146 57439
26147 57440
26148 57441
26149 57442
26150 57443
26151 57444
26152 57445
26153 57446
26154 57447
26155 57448
26156 57449
26157 57450
26158 57451
26159 57452
26160 57453
26161 57454
26162 57455
26163 57456
26164 57457
26165 57458
26166 57459
26167 57460
26168 57461
26169 57462
26170 57463
26171 57464
26172 57465
26173 57466
26174 57467
26175 57468
26176 57469
26177 57470
26178 57471
26179 57472
26180 57473
26181 57474
26182 57475
26183 57476
26184 57477
26185 57478
26186 57479
26187 57480
26188 57481
26189 57482
26190 57483
26191 57484
26192 57485
26193 57486
26194 57487
26195 57488
26196 57489
26197 57490
26198 57491
26199 57492
26200 57493
26201 57494
26202 57495
26203 57496
26204 57497
26205 57498
26206 57499
26207 57500
26208 57501
26209 57502
26210 57503
26211 57504
26212 57505
26213 57506
26214 57507
26215 57508
26216 57509
26217 57510
26218 57511
26219 57512
26220 57513
26221 57514
26222 57515
26223 57516
26224 57517
26225 57518
26226 57519
26227 57520
26228 57521
26229 57522
26230 57523
26231 57524
26232 57525
26233 57526
26234 57527
26235 57528
26236 57529
26237 57530
26238 57531
26401 57532
26402 57533
26403 57534
26404 57535
26405 57536
26406 57537
26407 57538
26408 57539
26409 57540
26410 57541
26411 57542
26412 57543
26413 57544
26414 57545
26415 57546
26416 57547
26417 57548
26418 57549
26419 57550
26420 57551
26421 57552
26422 57553
26423 57554
26424 57555
26425 57556
26426 57557
26427 57558
26428 57559
26429 57560
26430 57561
26431 57562
26432 57563
26433 57564
26434 57565
26435 57566
26436 57567
26437 57568
26438 57569
26439 57570
26440 57571
26441 57572
26442 57573
26443 57574
26444 57575
26445 57576
26446 57577
26447 57578
26448 57579
26449 57580
26450 57581
26451 57582
26452 57583
26453 57584
26454 57585
26455 57586
26456 57587
26457 57588
26458 57589
26459 57590
26460 57591
26461 57592
26462 57593
26463 57594
26464 57595
26465 57596
26466 57597
26467 57598
26468 57599
26469 57600
26470 57601
26471 57602
26472 57603
26473 57604
26474 57605
26475 57606
26476 57607
26477 57608
26478 57609
26479 57610
26480 57611
26481 57612
26482 57613
26483 57614
26484 57615
26485 57616
26486 57617
26487 57618
26488 57619
26489 57620
26490 57621
26491 57622
26492 57623
26493 57624
26494 57625
26657 57626
26658 57627
26659 57628
26660 57629
26661 57630
26662 57631
26663 57632
26664 57633
26665 57634
26666 57635
26667 57636
26668 57637
26669 57638
26670 57639
26671 57640
26672 57641
26673 57642
26674 57643
26675 57644
26676 57645
26677 57646
26678 57647
26679 57648
26680 57649
26681 57650
26682 57651
26683 57652
26684 57653
26685 57654
26686 57655
26687 57656
26688 57657
26689 57658
26690 57659
26691 57660
26692 57661
26693 57662
26694 57663
26695 57664
26696 57665
26697 57666
26698 57667
26699 57668
26700 57669
26701 57670
26702 57671
26703 57672
26704 57673
26705 57674
26706 57675
26707 57676
26708 57677
26709 57678
26710 57679
26711 57680
26712 57681
26713 57682
26714 57683
26715 57684
26716 57685
26717 57686
26718 57687
26719 57688
26720 57689
26721 57690
26722 57691
26723 57692
26724 57693
26725 57694
26726 57695
26727 57696
26728 57697
26729 57698
26730 57699
26731 57700
26732 57701
26733 57702
26734 57703
26735 57704
26736 57705
26737 57706
26738 57707
26739 57708
26740 57709
26741 57710
26742 57711
26743 57712
26744 57713
26745 57714
26746 57715
26747 57716
26748 57717
26749 57718
26750 57719
26913 57720
26914 57721
26915 57722
26916 57723
26917 57724
26918 57725
26919 57726
26920 57727
26921 57728
26922 57729
26923 57730
26924 57731
26925 57732
26926 57733
26927 57734
26928 57735
26929 57736
26930 57737
26931 57738
26932 57739
26933 57740
26934 57741
26935 57742
26936 57743
26937 57744
26938 57745
26939 57746
26940 57747
26941 57748
26942 57749
26943 57750
26944 57751
26945 57752
26946 57753
26947 57754
26948 57755
26949 57756
26950 57757
26951 57758
26952 57759
26953 57760
26954 57761
26955 57762
26956 57763
26957 57764
26958 57765
26959 57766
26960 57767
26961 57768
26962 57769
26963 57770
26964 57771
26965 57772
26966 57773
26967 57774
26968 57775
26969 57776
26970 57777
26971 57778
26972 57779
26973 57780
26974 57781
26975 57782
26976 57783
26977 57784
26978 57785
26979 57786
26980 57787
26981 57788
26982 57789
26983 57790
26984 57791
26985 57792
26986 57793
26987 57794
26988 57795
26989 57796
26990 57797
26991 57798
26992 57799
26993 57800
26994 57801
26995 57802
26996 57803
26997 57804
26998 57805
26999 57806
27000 57807
27001 57808
27002 57809
27003 57810
27004 57811
27005 57812
27006 57813
27169 57814
27170 57815
27171 57816
27172 57817
27173 57818
27174 57819
27175 57820
27176 57821
27177 57822
27178 57823
27179 57824
27180 57825
27181 57826
27182 57827
27183 57828
27184 57829
27185 57830
27186 57831
27187 57832
27188 57833
27189 57834
27190 57835
27191 57836
27192 57837
27193 57838
27194 57839
27195 57840
27196 57841
27197 57842
27198 57843
27199 57844
27200 57845
27201 57846
27202 57847
27203 57848
27204 57849
27205 57850
27206 57851
27207 57852
27208 57853
27209 57854
27210 57855
27211 57856
27212 57857
27213 57858
27214 57859
27215 57860
27216 57861
27217 57862
27218 57863
27219 57864
27220 57865
27221 57866
27222 57867
27223 57868
27224 57869
27225 57870
27226 57871
27227 57872
27228 57873
27229 57874
27230 57875
27231 57876
27232 57877
27233 57878
27234 57879
27235 57880
27236 57881
27237 57882
27238 57883
27239 57884
27240 57885
27241 57886
27242 57887
27243 57888
27244 57889
27245 57890
27246 57891
27247 57892
27248 57893
27249 57894
27250 57895
27251 57896
27252 57897
27253 57898
27254 57899
27255 57900
27256 57901
27257 57902
27258 57903
27259 57904
27260 57905
27261 57906
27262 57907
27425 57908
27426 57909
27427 57910
27428 57911
27429 57912
27430 57913
27431 57914
27432 57915
27433 57916
27434 57917
27435 57918
27436 57919
27437 57920
27438 57921
27439 57922
27440 57923
27441 57924
27442 57925
27443 57926
27444 57927
27445 57928
27446 57929
27447 57930
27448 57931
27449 57932
27450 57933
27451 57934
27452 57935
27453 57936
27454 57937
27455 57938
27456 57939
27457 57940
27458 57941
27459 57942
27460 57943
27461 57944
27462 57945
27463 57946
27464 57947
27465 57948
27466 57949
27467 57950
27468 57951
27469 57952
27470 57953
27471 57954
27472 57955
27473 57956
27474 57957
27475 57958
27476 57959
27477 57960
27478 57961
27479 57962
27480 57963
27481 57964
27482 57965
27483 57966
27484 57967
27485 57968
27486 57969
27487 57970
27488 57971
27489 57972
27490 57973
27491 57974
27492 57975
27493 57976
27494 57977
27495 57978
27496 57979
27497 57980
27498 57981
27499 57982
27500 57983
27501 57984
27502 57985
27503 57986
27504 57987
27505 57988
27506 57989
27507 57990
27508 57991
27509 57992
27510 57993
27511 57994
27512 57995
27513 57996
27514 57997
27515 57998
27516 57999
27517 58000
27518 58001
27681 58002
27682 58003
27683 58004
27684 58005
27685 58006
27686 58007
27687 58008
27688 58009
27689 58010
27690 58011
27691 58012
27692 58013
27693 58014
27694 58015
27695 58016
27696 58017
27697 58018
27698 58019
27699 58020
27700 58021
27701 58022
27702 58023
27703 58024
27704 58025
27705 58026
27706 58027
27707 58028
27708 58029
27709 58030
27710 58031
27711 58032
27712 58033
27713 58034
27714 58035
27715 58036
27716 58037
27717 58038
27718 58039
27719 58040
27720 58041
27721 58042
27722 58043
27723 58044
27724 58045
27725 58046
27726 58047
27727 58048
27728 58049
27729 58050
27730 58051
27731 58052
27732 58053
27733 58054
27734 58055
27735 58056
27736 58057
27737 58058
27738 58059
27739 58060
27740 58061
27741 58062
27742 58063
27743 58064
27744 58065
27745 58066
27746 58067
27747 58068
27748 58069
27749 58070
27750 58071
27751 58072
27752 58073
27753 58074
27754 58075
27755 58076
27756 58077
27757 58078
27758 58079
27759 58080
27760 58081
27761 58082
27762 58083
27763 58084
27764 58085
27765 58086
27766 58087
27767 58088
27768 58089
27769 58090
27770 58091
27771 58092
27772 58093
27773 58094
27774 58095
27937 58096
27938 58097
27939 58098
27940 58099
27941 58100
27942 58101
27943 58102
27944 58103
27945 58104
27946 58105
27947 58106
27948 58107
27949 58108
27950 58109
27951 58110
27952 58111
27953 58112
27954 58113
27955 58114
27956 58115
27957 58116
27958 58117
27959 58118
27960 58119
27961 58120
27962 58121
27963 58122
27964 58123
27965 58124
27966 58125
27967 58126
27968 58127
27969 58128
27970 58129
27971 58130
27972 58131
27973 58132
27974 58133
27975 58134
27976 58135
27977 58136
27978 58137
27979 58138
27980 58139
27981 58140
27982 58141
27983 58142
27984 58143
27985 58144
27986 58145
27987 58146
27988 58147
27989 58148
27990 58149
27991 58150
27992 58151
27993 58152
27994 58153
27995 58154
27996 58155
27997 58156
27998 58157
27999 58158
28000 58159
28001 58160
28002 58161
28003 58162
28004 58163
28005 58164
28006 58165
28007 58166
28008 58167
28009 58168
28010 58169
28011 58170
28012 58171
28013 58172
28014 58173
28015 58174
28016 58175
28017 58176
28018 58177
28019 58178
28020 58179
28021 58180
28022 58181
28023 58182
28024 58183
28025 58184
28026 58185
28027 58186
28028 58187
28029 58188
28030 58189
28193 58190
28194 58191
28195 58192
28196 58193
28197 58194
28198 58195
28199 58196
28200 58197
28201 58198
28202 58199
28203 58200
28204 58201
28205 58202
28206 58203
28207 58204
28208 58205
28209 58206
28210 58207
28211 58208
28212 58209
28213 58210
28214 58211
28215 58212
28216 58213
28217 58214
28218 58215
28219 58216
28220 58217
28221 58218
28222 58219
28223 58220
28224 58221
28225 58222
28226 58223
28227 58224
28228 58225
28229 58226
28230 58227
28231 58228
28232 58229
28233 58230
28234 58231
28235 58232
28236 58233
28237 58234
28238 58235
28239 58236
28240 58237
28241 58238
28242 58239
28243 58240
28244 58241
28245 58242
28246 58243
28247 58244
28248 58245
28249 58246
28250 58247
28251 58248
28252 58249
28253 58250
28254 58251
28255 58252
28256 58253
28257 58254
28258 58255
28259 58256
28260 58257
28261 58258
28262 58259
28263 58260
28264 58261
28265 58262
28266 58263
28267 58264
28268 58265
28269 58266
28270 58267
28271 58268
28272 58269
28273 58270
28274 58271
28275 58272
28276 58273
28277 58274
28278 58275
28279 58276
28280 58277
28281 58278
28282 58279
28283 58280
28284 58281
28285 58282
28286 58283
28449 58284
28450 58285
28451 58286
28452 58287
28453 58288
28454 58289
28455 58290
28456 58291
28457 58292
28458 58293
28459 58294
28460 58295
28461 58296
28462 58297
28463 58298
28464 58299
28465 58300
28466 58301
28467 58302
28468 58303
28469 58304
28470 58305
28471 58306
28472 58307
28473 58308
28474 58309
28475 58310
28476 58311
28477 58312
28478 58313
28479 58314
28480 58315
28481 58316
28482 58317
28483 58318
28484 58319
28485 58320
28486 58321
28487 58322
28488 58323
28489 58324
28490 58325
28491 58326
28492 58327
28493 58328
28494 58329
28495 58330
28496 58331
28497 58332
28498 58333
28499 58334
28500 58335
28501 58336
28502 58337
28503 58338
28504 58339
28505 58340
28506 58341
28507 58342
28508 58343
28509 58344
28510 58345
28511 58346
28512 58347
28513 58348
28514 58349
28515 58350
28516 58351
28517 58352
28518 58353
28519 58354
28520 58355
28521 58356
28522 58357
28523 58358
28524 58359
28525 58360
28526 58361
28527 58362
28528 58363
28529 58364
28530 58365
28531 58366
28532 58367
28533 58368
28534 58369
28535 58370
28536 58371
28537 58372
28538 58373
28539 58374
28540 58375
28541 58376
28542 58377
28705 58378
28706 58379
28707 58380
28708 58381
28709 58382
28710 58383
28711 58384
28712 58385
28713 58386
28714 58387
28715 58388
28716 58389
28717 58390
28718 58391
28719 58392
28720 58393
28721 58394
28722 58395
28723 58396
28724 58397
28725 58398
28726 58399
28727 58400
28728 58401
28729 58402
28730 58403
28731 58404
28732 58405
28733 58406
28734 58407
28735 58408
28736 58409
28737 58410
28738 58411
28739 58412
28740 58413
28741 58414
28742 58415
28743 58416
28744 58417
28745 58418
28746 58419
28747 58420
28748 58421
28749 58422
28750 58423
28751 58424
28752 58425
28753 58426
28754 58427
28755 58428
28756 58429
28757 58430
28758 58431
28759 58432
28760 58433
28761 58434
28762 58435
28763 58436
28764 58437
28765 58438
28766 58439
28767 58440
28768 58441
28769 58442
28770 58443
28771 58444
28772 58445
28773 58446
28774 58447
28775 58448
28776 58449
28777 58450
28778 58451
28779 58452
28780 58453
28781 58454
28782 58455
28783 58456
28784 58457
28785 58458
28786 58459
28787 58460
28788 58461
28789 58462
28790 58463
28791 58464
28792 58465
28793 58466
28794 58467
28795 58468
28796 58469
28797 58470
28798 58471
28961 58472
28962 58473
28963 58474
28964 58475
28965 58476
28966 58477
28967 58478
28968 58479
28969 58480
28970 58481
28971 58482
28972 58483
28973 58484
28974 58485
28975 58486
28976 58487
28977 58488
28978 58489
28979 58490
28980 58491
28981 58492
28982 58493
28983 58494
28984 58495
28985 58496
28986 58497
28987 58498
28988 58499
28989 58500
28990 58501
28991 58502
28992 58503
28993 58504
28994 58505
28995 58506
28996 58507
28997 58508
28998 58509
28999 58510
29000 58511
29001 58512
29002 58513
29003 58514
29004 58515
29005 58516
29006 58517
29007 58518
29008 58519
29009 58520
29010 58521
29011 58522
29012 58523
29013 58524
29014 58525
29015 58526
29016 58527
29017 58528
29018 58529
29019 58530
29020 58531
29021 58532
29022 58533
29023 58534
29024 58535
29025 58536
29026 58537
29027 58538
29028 58539
29029 58540
29030 58541
29031 58542
29032 58543
29033 58544
29034 58545
29035 58546
29036 58547
29037 58548
29038 58549
29039 58550
29040 58551
29041 58552
29042 58553
29043 58554
29044 58555
29045 58556
29046 58557
29047 58558
29048 58559
29049 58560
29050 58561
29051 58562
29052 58563
29053 58564
29054 58565
29217 58566
29218 58567
29219 58568
29220 58569
29221 58570
29222 58571
29223 58572
29224 58573
29225 58574
29226 58575
29227 58576
29228 58577
29229 58578
29230 58579
29231 58580
29232 58581
29233 58582
29234 58583
29235 58584
29236 58585
29237 58586
29238 58587
29239 58588
29240 58589
29241 58590
29242 58591
29243 58592
29244 58593
29245 58594
29246 58595
29247 58596
29248 58597
29249 58598
29250 58599
29251 58600
29252 58601
29253 58602
29254 58603
29255 58604
29256 58605
29257 58606
29258 58607
29259 58608
29260 58609
29261 58610
29262 58611
29263 58612
29264 58613
29265 58614
29266 58615
29267 58616
29268 58617
29269 58618
29270 58619
29271 58620
29272 58621
29273 58622
29274 58623
29275 58624
29276 58625
29277 58626
29278 58627
29279 58628
29280 58629
29281 58630
29282 58631
29283 58632
29284 58633
29285 58634
29286 58635
29287 58636
29288 58637
29289 58638
29290 58639
29291 58640
29292 58641
29293 58642
29294 58643
29295 58644
29296 58645
29297 58646
29298 58647
29299 58648
29300 58649
29301 58650
29302 58651
29303 58652
29304 58653
29305 58654
29306 58655
29307 58656
29308 58657
29309 58658
29310 58659
29473 58660
29474 58661
29475 58662
29476 58663
29477 58664
29478 58665
29479 58666
29480 58667
29481 58668
29482 58669
29483 58670
29484 58671
29485 58672
29486 58673
29487 58674
29488 58675
29489 58676
29490 58677
29491 58678
29492 58679
29493 58680
29494 58681
29495 58682
29496 58683
29497 58684
29498 58685
29499 58686
29500 58687
29501 58688
29502 58689
29503 58690
29504 58691
29505 58692
29506 58693
29507 58694
29508 58695
29509 58696
29510 58697
29511 58698
29512 58699
29513 58700
29514 58701
29515 58702
29516 58703
29517 58704
29518 58705
29519 58706
29520 58707
29521 58708
29522 58709
29523 58710
29524 58711
29525 58712
29526 58713
29527 58714
29528 58715
29529 58716
29530 58717
29531 58718
29532 58719
29533 58720
29534 58721
29535 58722
29536 58723
29537 58724
29538 58725
29539 58726
29540 58727
29541 58728
29542 58729
29543 58730
29544 58731
29545 58732
29546 58733
29547 58734
29548 58735
29549 58736
29550 58737
29551 58738
29552 58739
29553 58740
29554 58741
29555 58742
29556 58743
29557 58744
29558 58745
29559 58746
29560 58747
29561 58748
29562 58749
29563 58750
29564 58751
29565 58752
29566 58753
29729 58754
29730 58755
29731 58756
29732 58757
29733 58758
29734 58759
29735 58760
29736 58761
29737 58762
29738 58763
29739 58764
29740 58765
29741 58766
29742 58767
29743 58768
29744 58769
29745 58770
29746 58771
29747 58772
29748 58773
29749 58774
29750 58775
29751 58776
29752 58777
29753 58778
29754 58779
29755 58780
29756 58781
29757 58782
29758 58783
29759 58784
29760 58785
29761 58786
29762 58787
29763 58788
29764 58789
29765 58790
29766 58791
29767 58792
29768 58793
29769 58794
29770 58795
29771 58796
29772 58797
29773 58798
29774 58799
29775 58800
29776 58801
29777 58802
29778 58803
29779 58804
29780 58805
29781 58806
29782 58807
29783 58808
29784 58809
29785 58810
29786 58811
29787 58812
29788 58813
29789 58814
29790 58815
29791 58816
29792 58817
29793 58818
29794 58819
29795 58820
29796 58821
29797 58822
29798 58823
29799 58824
29800 58825
29801 58826
29802 58827
29803 58828
29804 58829
29805 58830
29806 58831
29807 58832
29808 58833
29809 58834
29810 58835
29811 58836
29812 58837
29813 58838
29814 58839
29815 58840
29816 58841
29817 58842
29818 58843
29819 58844
29820 58845
29821 58846
29822 58847
29985 58848
29986 58849
29987 58850
29988 58851
29989 58852
29990 58853
29991 58854
29992 58855
29993 58856
29994 58857
29995 58858
29996 58859
29997 58860
29998 58861
29999 58862
30000 58863
30001 58864
30002 58865
30003 58866
30004 58867
30005 58868
30006 58869
30007 58870
30008 58871
30009 58872
30010 58873
30011 58874
30012 58875
30013 58876
30014 58877
30015 58878
30016 58879
30017 58880
30018 58881
30019 58882
30020 58883
30021 58884
30022 58885
30023 58886
30024 58887
30025 58888
30026 58889
30027 58890
30028 58891
30029 58892
30030 58893
30031 58894
30032 58895
30033 58896
30034 58897
30035 58898
30036 58899
30037 58900
30038 58901
30039 58902
30040 58903
30041 58904
30042 58905
30043 58906
30044 58907
30045 58908
30046 58909
30047 58910
30048 58911
30049 58912
30050 58913
30051 58914
30052 58915
30053 58916
30054 58917
30055 58918
30056 58919
30057 58920
30058 58921
30059 58922
30060 58923
30061 58924
30062 58925
30063 58926
30064 58927
30065 58928
30066 58929
30067 58930
30068 58931
30069 58932
30070 58933
30071 58934
30072 58935
30073 58936
30074 58937
30075 58938
30076 58939
30077 58940
30078 58941
30241 58942
30242 58943
30243 58944
30244 58945
30245 58946
30246 58947
30247 58948
30248 58949
30249 58950
30250 58951
30251 58952
30252 58953
30253 58954
30254 58955
30255 58956
30256 58957
30257 58958
30258 58959
30259 58960
30260 58961
30261 58962
30262 58963
30263 58964
30264 58965
30265 58966
30266 58967
30267 58968
30268 58969
30269 58970
30270 58971
30271 58972
30272 58973
30273 58974
30274 58975
30275 58976
30276 58977
30277 58978
30278 58979
30279 58980
30280 58981
30281 58982
30282 58983
30283 58984
30284 58985
30285 58986
30286 58987
30287 58988
30288 58989
30289 58990
30290 58991
30291 58992
30292 58993
30293 58994
30294 58995
30295 58996
30296 58997
30297 58998
30298 58999
30299 59000
30300 59001
30301 59002
30302 59003
30303 59004
30304 59005
30305 59006
30306 59007
30307 59008
30308 59009
30309 59010
30310 59011
30311 59012
30312 59013
30313 59014
30314 59015
30315 59016
30316 59017
30317 59018
30318 59019
30319 59020
30320 59021
30321 59022
30322 59023
30323 59024
30324 59025
30325 59026
30326 59027
30327 59028
30328 59029
30329 59030
30330 59031
30331 59032
30332 59033
30333 59034
30334 59035
30497 59036
30498 59037
30499 59038
30500 59039
30501 59040
30502 59041
30503 59042
30504 59043
30505 59044
30506 59045
30507 59046
30508 59047
30509 59048
30510 59049
30511 59050
30512 59051
30513 59052
30514 59053
30515 59054
30516 59055
30517 59056
30518 59057
30519 59058
30520 59059
30521 59060
30522 59061
30523 59062
30524 59063
30525 59064
30526 59065
30527 59066
30528 59067
30529 59068
30530 59069
30531 59070
30532 59071
30533 59072
30534 59073
30535 59074
30536 59075
30537 59076
30538 59077
30539 59078
30540 59079
30541 59080
30542 59081
30543 59082
30544 59083
30545 59084
30546 59085
30547 59086
30548 59087
30549 59088
30550 59089
30551 59090
30552 59091
30553 59092
30554 59093
30555 59094
30556 59095
30557 59096
30558 59097
30559 59098
30560 59099
30561 59100
30562 59101
30563 59102
30564 59103
30565 59104
30566 59105
30567 59106
30568 59107
30569 59108
30570 59109
30571 59110
30572 59111
30573 59112
30574 59113
30575 59114
30576 59115
30577 59116
30578 59117
30579 59118
30580 59119
30581 59120
30582 59121
30583 59122
30584 59123
30585 59124
30586 59125
30587 59126
30588 59127
30589 59128
30590 59129
30753 59130
30754 59131
30755 59132
30756 59133
30757 59134
30758 59135
30759 59136
30760 59137
30761 59138
30762 59139
30763 59140
30764 59141
30765 59142
30766 59143
30767 59144
30768 59145
30769 59146
30770 59147
30771 59148
30772 59149
30773 59150
30774 59151
30775 59152
30776 59153
30777 59154
30778 59155
30779 59156
30780 59157
30781 59158
30782 59159
30783 59160
30784 59161
30785 59162
30786 59163
30787 59164
30788 59165
30789 59166
30790 59167
30791 59168
30792 59169
30793 59170
30794 59171
30795 59172
30796 59173
30797 59174
30798 59175
30799 59176
30800 59177
30801 59178
30802 59179
30803 59180
30804 59181
30805 59182
30806 59183
30807 59184
30808 59185
30809 59186
30810 59187
30811 59188
30812 59189
30813 59190
30814 59191
30815 59192
30816 59193
30817 59194
30818 59195
30819 59196
30820 59197
30821 59198
30822 59199
30823 59200
30824 59201
30825 59202
30826 59203
30827 59204
30828 59205
30829 59206
30830 59207
30831 59208
30832 59209
30833 59210
30834 59211
30835 59212
30836 59213
30837 59214
30838 59215
30839 59216
30840 59217
30841 59218
30842 59219
30843 59220
30844 59221
30845 59222
30846 59223
31009 8560
31010 8561
31011 8562
31012 8563
31013 8564
31014 8565
31015 8566
31016 8567
31017 8568
31018 8569
31019 8544
31020 8545
31021 8546
31022 8547
31023 8548
31024 8549
31025 8550
31026 8551
31027 8552
31028 8553
31030 166
31031 65287
31032 65282
31033 12849
31034 8470
31035 8481
31037 32394
31038 35100
31039 37704
31040 37512
31041 34012
31042 20425
31043 28859
31044 26161
31045 26824
31046 37625
31047 26363
31048 24389
31049 20008
31050 20193
31051 20220
31052 20224
31053 20227
31054 20281
31055 20310
31056 20370
31057 20362
31058 20378
31059 20372
31060 20429
31061 20544
31062 20514
31063 20479
31064 20510
31065 20550
31066 20592
31067 20546
31068 20628
31069 20724
31070 20696
31071 20810
31072 20836
31073 20893
31074 20926
31075 20972
31076 21013
31077 21148
31078 21158
31079 21184
31080 21211
31081 21248
31082 21255
31083 21284
31084 21362
31085 21395
31086 21426
31087 21469
31088 64014
31089 21660
31090 21642
31091 21673
31092 21759
31093 21894
31094 22361
31095 22373
31096 22444
31097 22472
31098 22471
31099 64015
31100 64016
31101 22686
31102 22706
31265 22795
31266 22867
31267 22875
31268 22877
31269 22883
31270 22948
31271 22970
31272 23382
31273 23488
31274 29999
31275 23512
31276 23532
31277 23582
31278 23718
31279 23738
31280 23797
31281 23847
31282 23891
31283 64017
31284 23874
31285 23917
31286 23992
31287 23993
31288 24016
31289 24353
31290 24372
31291 24423
31292 24503
31293 24542
31294 24669
31295 24709
31296 24714
31297 24798
31298 24789
31299 24864
31300 24818
31301 24849
31302 24887
31303 24880
31304 24984
31305 25107
31306 25254
31307 25589
31308 25696
31309 25757
31310 25806
31311 25934
31312 26112
31313 26133
31314 26171
31315 26121
31316 26158
31317 26142
31318 26148
31319 26213
31320 26199
31321 26201
31322 64018
31323 26227
31324 26265
31325 26272
31326 26290
31327 26303
31328 26362
31329 26382
31330 63785
31331 26470
31332 26555
31333 26706
31334 26560
31335 26625
31336 26692
31337 26831
31338 64019
31339 26984
31340 64020
31341 27032
31342 27106
31343 27184
31344 27243
31345 27206
31346 27251
31347 27262
31348 27362
31349 27364
31350 27606
31351 27711
31352 27740
31353 27782
31354 27759
31355 27866
31356 27908
31357 28039
31358 28015
31521 28054
31522 28076
31523 28111
31524 28152
31525 28146
31526 28156
31527 28217
31528 28252
31529 28199
31530 28220
31531 28351
31532 28552
31533 28597
31534 28661
31535 28677
31536 28679
31537 28712
31538 28805
31539 28843
31540 28943
31541 28932
31542 29020
31543 28998
31544 28999
31545 64021
31546 29121
31547 29182
31548 29361
31549 29374
31550 29476
31551 64022
31552 29559
31553 29629
31554 29641
31555 29654
31556 29667
31557 29650
31558 29703
31559 29685
31560 29734
31561 29738
31562 29737
31563 29742
31564 29794
31565 29833
31566 29855
31567 29953
31568 30063
31569 30338
31570 30364
31571 30366
31572 30363
31573 30374
31574 64023
31575 30534
31576 21167
31577 30753
31578 30798
31579 30820
31580 30842
31581 31024
31582 64024
31583 64025
31584 64026
31585 31124
31586 64027
31587 31131
31588 31441
31589 31463
31590 64028
31591 31467
31592 31646
31593 64029
31594 32072
31595 32092
31596 32183
31597 32160
31598 32214
31599 32338
31600 32583
31601 32673
31602 64030
31603 33537
31604 33634
31605 33663
31606 33735
31607 33782
31608 33864
31609 33972
31610 34131
31611 34137
31612 34155
31613 64031
31614 34224
31777 64032
31778 64033
31779 34823
31780 35061
31781 35346
31782 35383
31783 35449
31784 35495
31785 35518
31786 35551
31787 64034
31788 35574
31789 35667
31790 35711
31791 36080
31792 36084
31793 36114
31794 36214
31795 64035
31796 36559
31797 64036
31798 64037
31799 36967
31800 37086
31801 64038
31802 37141
31803 37159
31804 37338
31805 37335
31806 37342
31807 37357
31808 37358
31809 37348
31810 37349
31811 37382
31812 37392
31813 37386
31814 37434
31815 37440
31816 37436
31817 37454
31818 37465
31819 37457
31820 37433
31821 37479
31822 37543
31823 37495
31824 37496
31825 37607
31826 37591
31827 37593
31828 37584
31829 64039
31830 37589
31831 37600
31832 37587
31833 37669
31834 37665
31835 37627
31836 64040
31837 37662
31838 37631
31839 37661
31840 37634
31841 37744
31842 37719
31843 37796
31844 37830
31845 37854
31846 37880
31847 37937
31848 37957
31849 37960
31850 38290
31851 63964
31852 64041
31853 38557
31854 38575
31855 38707
31856 38715
31857 38723
31858 38733
31859 38735
31860 38737
31861 38741
31862 38999
31863 39013
31864 64042
31865 64043
31866 39207
31867 64044
31868 39326
31869 39502
31870 39641
32033 39644
32034 39797
32035 39794
32036 39823
32037 39857
32038 39867
32039 39936
32040 40304
32041 40299
32042 64045
32043 40473
32044 40657
