# This file was auto-generated from "euc-tw-2014.ucm"
# by "codepage-parser.pwn", (c) MPL 1.1, Alex "Y_Less" Cole, 2022.
#
# Lines with a single number denote bytes that are followed by a second byte to
# create a DCBS pair.
#
# Lines with two numbers are byte sequence to unicode equivalent.

# DBCS Lead Bytes
161
162
163
164
165
166
167
168
169
170
171
194
196
197
198
199
200
201
202
203
204
205
206
207
208
209
210
211
212
213
214
215
216
217
218
219
220
221
222
223
224
225
226
227
228
229
230
231
232
233
234
235
236
237
238
239
240
241
242
243
244
245
246
247
248
249
250
251
252
253

# Single Byte Codes
1 1
2 2
3 3
4 4
5 5
6 6
7 7
8 8
9 9
10 10
11 11
12 12
13 13
14 14
15 15
16 16
17 17
18 18
19 19
20 20
21 21
22 22
23 23
24 24
25 25
26 26
27 27
28 28
29 29
30 30
31 31
32 32
33 33
34 34
35 35
36 36
37 37
38 38
39 39
40 40
41 41
42 42
43 43
44 44
45 45
46 46
47 47
48 48
49 49
50 50
51 51
52 52
53 53
54 54
55 55
56 56
57 57
58 58
59 59
60 60
61 61
62 62
63 63
64 64
65 65
66 66
67 67
68 68
69 69
70 70
71 71
72 72
73 73
74 74
75 75
76 76
77 77
78 78
79 79
80 80
81 81
82 82
83 83
84 84
85 85
86 86
87 87
88 88
89 89
90 90
91 91
92 92
93 93
94 94
95 95
96 96
97 97
98 98
99 99
100 100
101 101
102 102
103 103
104 104
105 105
106 106
107 107
108 108
109 109
110 110
111 111
112 112
113 113
114 114
115 115
116 116
117 117
118 118
119 119
120 120
121 121
122 122
123 123
124 124
125 125
126 126
127 127
128 128
129 129
130 130
131 131
132 132
133 133
134 134
135 135
136 136
137 137
138 138
139 139
140 140
141 141
144 144
145 145
146 146
147 147
148 148
149 149
150 150
151 151
152 152
153 153
154 154
155 155
156 156
157 157
158 158
159 159

# Double Byte Codes
41377 12288
41378 65292
41379 12289
41380 12290
41381 65294
41382 8231
41383 65307
41384 65306
41385 65311
41386 65281
41387 65072
41388 8230
41389 8229
41390 65104
41391 65105
41392 65106
41393 183
41394 65108
41395 65109
41396 65110
41397 65111
41399 8212
41400 65073
41401 65112
41402 65075
41403 9588
41404 65076
41405 65103
41406 65288
41407 65289
41408 65077
41409 65078
41410 65371
41411 65373
41412 65079
41413 65080
41414 12308
41415 12309
41416 65081
41417 65082
41418 12304
41419 12305
41420 65083
41421 65084
41422 12298
41423 12299
41424 65085
41425 65086
41426 12296
41427 12297
41428 65087
41429 65088
41430 12300
41431 12301
41432 65089
41433 65090
41434 12302
41435 12303
41436 65091
41437 65092
41438 65113
41439 65114
41440 65115
41441 65116
41442 65117
41443 65118
41444 8216
41445 8217
41446 8220
41447 8221
41448 12317
41449 12318
41450 8245
41451 8242
41452 65283
41453 65286
41454 65290
41455 8251
41456 167
41457 12291
41458 9675
41459 9679
41460 9651
41461 9650
41462 9678
41463 9734
41464 9733
41465 9671
41466 9670
41467 9633
41468 9632
41469 9661
41470 9660
41633 12963
41634 8453
41635 8254
41636 65507
41637 65343
41638 717
41639 65097
41640 65098
41641 65101
41642 65102
41643 65099
41644 65100
41645 65119
41646 65120
41647 65121
41648 65291
41649 65293
41650 215
41651 247
41652 177
41653 8730
41654 65308
41655 65310
41656 65309
41657 8806
41658 8807
41659 8800
41660 8734
41661 8786
41662 8801
41663 65122
41664 65123
41665 65124
41666 65125
41667 65126
41668 8764
41669 8745
41670 8746
41671 8869
41672 8736
41673 8735
41674 8895
41675 13266
41676 13265
41677 8747
41678 8750
41679 8757
41680 8756
41681 9792
41682 9794
41683 8853
41684 8857
41685 8593
41686 8595
41687 8594
41688 8592
41689 8598
41690 8599
41691 8601
41692 8600
41693 8741
41694 8739
41695 65295
41696 65340
41697 8725
41698 65128
41699 65284
41700 65509
41701 12306
41702 65504
41703 65505
41704 65285
41705 65312
41706 8451
41707 8457
41708 65129
41709 65130
41710 65131
41711 13269
41712 13212
41713 13213
41714 13214
41715 13262
41716 13217
41717 13198
41718 13199
41719 13252
41720 176
41721 20825
41722 20827
41723 20830
41724 20829
41725 20833
41726 20835
41889 21991
41890 29929
41891 31950
41892 9601
41893 9602
41894 9603
41895 9604
41896 9605
41897 9606
41898 9607
41899 9608
41900 9615
41901 9614
41902 9613
41903 9612
41904 9611
41905 9610
41906 9609
41907 9532
41908 9524
41909 9516
41910 9508
41911 9500
41912 9620
41913 9472
41914 9474
41915 9621
41916 9484
41917 9488
41918 9492
41919 9496
41920 9581
41921 9582
41922 9584
41923 9583
41924 9552
41925 9566
41926 9578
41927 9569
41928 9698
41929 9699
41930 9701
41931 9700
41932 9585
41933 9586
41934 9587
42145 65296
42146 65297
42147 65298
42148 65299
42149 65300
42150 65301
42151 65302
42152 65303
42153 65304
42154 65305
42155 8544
42156 8545
42157 8546
42158 8547
42159 8548
42160 8549
42161 8550
42162 8551
42163 8552
42164 8553
42165 12321
42166 12322
42167 12323
42168 12324
42169 12325
42170 12326
42171 12327
42172 12328
42173 12329
42174 12344
42175 12345
42176 12346
42177 65313
42178 65314
42179 65315
42180 65316
42181 65317
42182 65318
42183 65319
42184 65320
42185 65321
42186 65322
42187 65323
42188 65324
42189 65325
42190 65326
42191 65327
42192 65328
42193 65329
42194 65330
42195 65331
42196 65332
42197 65333
42198 65334
42199 65335
42200 65336
42201 65337
42202 65338
42203 65345
42204 65346
42205 65347
42206 65348
42207 65349
42208 65350
42209 65351
42210 65352
42211 65353
42212 65354
42213 65355
42214 65356
42215 65357
42216 65358
42217 65359
42218 65360
42219 65361
42220 65362
42221 65363
42222 65364
42223 65365
42224 65366
42225 65367
42226 65368
42227 65369
42228 65370
42229 913
42230 914
42231 915
42232 916
42233 917
42234 918
42235 919
42236 920
42237 921
42238 922
42401 923
42402 924
42403 925
42404 926
42405 927
42406 928
42407 929
42408 931
42409 932
42410 933
42411 934
42412 935
42413 936
42414 937
42415 945
42416 946
42417 947
42418 948
42419 949
42420 950
42421 951
42422 952
42423 953
42424 954
42425 955
42426 956
42427 957
42428 958
42429 959
42430 960
42431 961
42432 963
42433 964
42434 965
42435 966
42436 967
42437 968
42438 969
42439 12549
42440 12550
42441 12551
42442 12552
42443 12553
42444 12554
42445 12555
42446 12556
42447 12557
42448 12558
42449 12559
42450 12560
42451 12561
42452 12562
42453 12563
42454 12564
42455 12565
42456 12566
42457 12567
42458 12568
42459 12569
42460 12570
42461 12571
42462 12572
42463 12573
42464 12574
42465 12575
42466 12576
42467 12577
42468 12578
42469 12579
42470 12580
42471 12581
42472 12582
42473 12583
42474 12584
42475 12585
42476 729
42477 713
42478 714
42479 711
42480 715
42481 12586
42482 12587
42483 12588
42657 9312
42658 9313
42659 9314
42660 9315
42661 9316
42662 9317
42663 9318
42664 9319
42665 9320
42666 9321
42667 9332
42668 9333
42669 9334
42670 9335
42671 9336
42672 9337
42673 9338
42674 9339
42675 9340
42676 9341
42677 8560
42678 8561
42679 8562
42680 8563
42681 8564
42682 8565
42683 8566
42684 8567
42685 8568
42686 8569
42750 12065
42913 12032
42914 12033
42915 12034
42916 12035
42917 12036
42918 12037
42919 12038
42920 20128
42921 12040
42922 12041
42923 12042
42924 12043
42925 12044
42926 12045
42927 20907
42928 12047
42929 12048
42930 12049
42931 12050
42932 21241
42933 12052
42934 12053
42935 12054
42936 12055
42937 12056
42938 12057
42939 12058
42940 12059
42941 12060
42942 12061
42943 12062
42944 12063
42945 12064
42946 12066
42947 12067
42948 12068
42949 12069
42950 12070
42951 12071
42952 12072
42953 12073
42954 12074
42955 12075
42957 12077
42958 12078
42959 12079
42960 12080
42961 12081
42962 12082
42963 12083
42964 12084
42965 12085
42966 12086
42967 12087
42968 12088
42969 12089
42970 12090
42971 12091
42972 12092
42973 12093
42974 12094
42975 12095
42976 12096
42977 12097
42978 12098
42979 12099
42980 12100
42981 12101
42982 12102
42983 12103
42984 12104
42985 12105
42986 12106
42987 12107
42988 12108
42989 12109
42990 12110
42991 12111
42992 12112
42993 12113
42994 12114
42995 12115
42996 12116
42997 12117
42998 12118
42999 12119
43000 12120
43001 12121
43002 12122
43003 12123
43004 12124
43005 12125
43006 12126
43169 12127
43170 12128
43171 12129
43172 12130
43173 12131
43174 12132
43175 12133
43176 12134
43177 12135
43178 12136
43179 12137
43180 12138
43181 12139
43182 12140
43183 12141
43184 12142
43185 12143
43186 12144
43187 12145
43188 12146
43189 12147
43190 12148
43191 12149
43192 12150
43193 12151
43194 12152
43195 12153
43196 12154
43197 12155
43198 12156
43199 12157
43200 12158
43201 12159
43202 12160
43203 12161
43204 12162
43205 12163
43206 12164
43208 12166
43209 12167
43210 12168
43211 12169
43212 12170
43214 12172
43215 12173
43216 12174
43217 12175
43218 12176
43219 12177
43220 12178
43221 12179
43222 12180
43223 12181
43224 12182
43225 12183
43226 12184
43227 12185
43228 12186
43229 12187
43230 12188
43231 12189
43232 12190
43233 12191
43234 12192
43235 12193
43236 12194
43237 12195
43238 12196
43239 12197
43240 12198
43241 12199
43242 12200
43243 12201
43244 12202
43245 12203
43246 12204
43247 12205
43248 12206
43249 12207
43250 12208
43251 12209
43252 12210
43253 12211
43254 12212
43255 12213
43256 12214
43257 12215
43258 12216
43259 12217
43260 12218
43261 12219
43262 12220
43425 12221
43426 12222
43427 12223
43428 12224
43429 12225
43430 12226
43431 12227
43432 12228
43433 12229
43434 12230
43435 12231
43436 12232
43437 12233
43438 12234
43439 12235
43440 12236
43441 12237
43442 12238
43443 12239
43444 12240
43445 12241
43446 12242
43447 12243
43448 12244
43449 12245
43450 12704
43451 12705
43452 12706
43453 12707
43454 12708
43455 12709
43456 12710
43457 12711
43458 12712
43459 12713
43460 12714
43461 12715
43462 12716
43463 12717
43464 12718
43465 12719
43466 12720
43467 12721
43468 12722
43469 12723
43470 12724
43471 12725
43472 12726
43473 12727
43474 12353
43475 12354
43476 12355
43477 12356
43478 12357
43479 12358
43480 12359
43481 12360
43482 12361
43483 12362
43484 12363
43485 12364
43486 12365
43487 12366
43488 12367
43489 12368
43490 12369
43491 12370
43492 12371
43493 12372
43494 12373
43495 12374
43496 12375
43497 12376
43498 12377
43499 12378
43500 12379
43501 12380
43502 12381
43503 12382
43504 12383
43505 12384
43506 12385
43507 12386
43508 12387
43509 12388
43510 12389
43511 12390
43512 12391
43513 12392
43514 12393
43515 12394
43516 12395
43517 12396
43518 12397
43681 12398
43682 12399
43683 12400
43684 12401
43685 12402
43686 12403
43687 12404
43688 12405
43689 12406
43690 12407
43691 12408
43692 12409
43693 12410
43694 12411
43695 12412
43696 12413
43697 12414
43698 12415
43699 12416
43700 12417
43701 12418
43702 12419
43703 12420
43704 12421
43705 12422
43706 12423
43707 12424
43708 12425
43709 12426
43710 12427
43711 12428
43712 12429
43713 12430
43714 12431
43715 12432
43716 12433
43717 12434
43718 12435
43719 12436
43720 12441
43721 12442
43722 12443
43723 12444
43724 12445
43725 12446
43726 12449
43727 12450
43728 12451
43729 12452
43730 12453
43731 12454
43732 12455
43733 12456
43734 12457
43735 12458
43736 12459
43737 12460
43738 12461
43739 12462
43740 12463
43741 12464
43742 12465
43743 12466
43744 12467
43745 12468
43746 12469
43747 12470
43748 12471
43749 12472
43750 12473
43751 12474
43752 12475
43753 12476
43754 12477
43755 12478
43756 12479
43757 12480
43758 12481
43759 12482
43760 12483
43761 12484
43762 12485
43763 12486
43764 12487
43765 12488
43766 12489
43767 12490
43768 12491
43769 12492
43770 12493
43771 12494
43772 12495
43773 12496
43774 12497
43937 12498
43938 12499
43939 12500
43940 12501
43941 12502
43942 12503
43943 12504
43944 12505
43945 12506
43946 12507
43947 12508
43948 12509
43949 12510
43950 12511
43951 12512
43952 12513
43953 12514
43954 12515
43955 12516
43956 12517
43957 12518
43958 12519
43959 12520
43960 12521
43961 12522
43962 12523
43963 12524
43964 12525
43965 12526
43966 12527
43967 12528
43968 12529
43969 12530
43970 12531
43971 12532
43972 12533
43973 12534
43974 12535
43975 12536
43976 12537
43977 12538
43978 12539
43979 12540
43980 12541
43981 12542
49825 9216
49826 9217
49827 9218
49828 9219
49829 9220
49830 9221
49831 9222
49832 9223
49833 9224
49834 9225
49835 9226
49836 9227
49837 9228
49838 9229
49839 9230
49840 9231
49841 9232
49842 9233
49843 9234
49844 9235
49845 9236
49846 9237
49847 9238
49848 9239
49849 9240
49850 9241
49851 9242
49852 9243
49853 9244
49854 9245
49855 9246
49856 9247
49857 9249
49858 8364
49859 12295
50337 19968
50338 20057
50339 19969
50340 19971
50341 20035
50342 20061
50343 20102
50344 20108
50345 20154
50346 20799
50347 20837
50348 20843
50349 20960
50350 20992
50351 20993
50352 21147
50353 21269
50354 21313
50355 21340
50356 21448
50357 19977
50358 19979
50359 19976
50360 19978
50361 20011
50362 20024
50363 20961
50364 20037
50365 20040
50366 20063
50367 20062
50368 20110
50369 20129
50370 20800
50371 20995
50372 21242
50373 21315
50374 21449
50375 21475
50376 22303
50377 22763
50378 22805
50379 22823
50380 22899
50381 23376
50382 23377
50383 23379
50384 23544
50385 23567
50386 23586
50387 23608
50388 23665
50389 24029
50390 24037
50391 24049
50392 24050
50393 24051
50394 24062
50395 24178
50396 24318
50397 24331
50398 24339
50399 25165
50400 19985
50401 19984
50402 19981
50403 20013
50404 20016
50405 20025
50406 20043
50407 23609
50408 20104
50409 20113
50410 20117
50411 20114
50412 20116
50413 20130
50414 20161
50415 20160
50416 20163
50417 20166
50418 20167
50419 20173
50420 20170
50421 20171
50422 20164
50423 20803
50424 20801
50425 20839
50426 20845
50427 20846
50428 20844
50429 20887
50430 20982
50593 20998
50594 20999
50595 21000
50596 21243
50597 21246
50598 21247
50599 21270
50600 21305
50601 21320
50602 21319
50603 21317
50604 21342
50605 21380
50606 21451
50607 21450
50608 21453
50609 22764
50610 22825
50611 22827
50612 22826
50613 22829
50614 23380
50615 23569
50616 23588
50617 23610
50618 23663
50619 24052
50620 24187
50621 24319
50622 24340
50623 24341
50624 24515
50625 25096
50626 25142
50627 25163
50628 25166
50629 25903
50630 25991
50631 26007
50632 26020
50633 26041
50634 26085
50635 26352
50636 26376
50637 26408
50638 27424
50639 27490
50640 27513
50641 27595
50642 27604
50643 27611
50644 27663
50645 27700
50646 28779
50647 29226
50648 29238
50649 29243
50650 29255
50651 29273
50652 29275
50653 29356
50654 29579
50655 19993
50656 19990
50657 19989
50658 19988
50659 19992
50660 20027
50661 20045
50662 20047
50663 20046
50664 20197
50665 20184
50666 20180
50667 20181
50668 20182
50669 20183
50670 20195
50671 20196
50672 20185
50673 20190
50674 20805
50675 20804
50676 20873
50677 20874
50678 20908
50679 20985
50680 20986
50681 20984
50682 21002
50683 21152
50684 21151
50685 21253
50686 21254
50849 21271
50850 21277
50851 20191
50852 21322
50853 21321
50854 21345
50855 21344
50856 21359
50857 21358
50858 21435
50859 21487
50860 21476
50861 21491
50862 21484
50863 21486
50864 21481
50865 21480
50866 21500
50867 21496
50868 21493
50869 21483
50870 21478
50871 21482
50872 21490
50873 21489
50874 21488
50875 21477
50876 21485
50877 21499
50878 22235
50879 22234
50880 22806
50881 22830
50882 22833
50883 22900
50884 22902
50885 23381
50886 23427
50887 23612
50888 24040
50889 24039
50890 24038
50891 24066
50892 24067
50893 24179
50894 24188
50895 24321
50896 24344
50897 24343
50898 24517
50899 25098
50900 25171
50901 25172
50902 25170
50903 25169
50904 26021
50905 26086
50906 26414
50907 26412
50908 26410
50909 26411
50910 26413
50911 27491
50912 27597
50913 27665
50914 27664
50915 27704
50916 27713
50917 27712
50918 27710
50919 29359
50920 29572
50921 29577
50922 29916
50923 29926
50924 29976
50925 29983
50926 29992
50927 29993
50928 30000
50929 30001
50930 30002
50931 30003
50932 30091
50933 30333
50934 30382
50935 30399
50936 30446
50937 30683
50938 30690
50939 30707
50940 31034
50941 31166
50942 31348
51105 31435
51106 19998
51107 19999
51108 20050
51109 20051
51110 20073
51111 20121
51112 20132
51113 20134
51114 20133
51115 20223
51116 20233
51117 20249
51118 20234
51119 20245
51120 20237
51121 20240
51122 20241
51123 20239
51124 20210
51125 20214
51126 20219
51127 20208
51128 20211
51129 20221
51130 20225
51131 20235
51132 20809
51133 20807
51134 20806
51135 20808
51136 20840
51137 20849
51138 20877
51139 20912
51140 21015
51141 21009
51142 21010
51143 21006
51144 21014
51145 21155
51146 21256
51147 21281
51148 21280
51149 21360
51150 21361
51151 21513
51152 21519
51153 21516
51154 21514
51155 21520
51156 21505
51157 21515
51158 21508
51159 21521
51160 21517
51161 21512
51162 21507
51163 21518
51164 21510
51165 21522
51166 22240
51167 22238
51168 22237
51169 22323
51170 22320
51171 22312
51172 22317
51173 22316
51174 22319
51175 22313
51176 22809
51177 22810
51178 22839
51179 22840
51180 22916
51181 22904
51182 22915
51183 22909
51184 22905
51185 22914
51186 22913
51187 23383
51188 23384
51189 23431
51190 23432
51191 23429
51192 23433
51193 23546
51194 23574
51195 23673
51196 24030
51197 24070
51198 24182
51361 24180
51362 24335
51363 24347
51364 24537
51365 24534
51366 25102
51367 25100
51368 25101
51369 25104
51370 25187
51371 25179
51372 25176
51373 25910
51374 26089
51375 26088
51376 26092
51377 26093
51378 26354
51379 26355
51380 26377
51381 26429
51382 26420
51383 26417
51384 26421
51385 27425
51386 27492
51387 27515
51388 27670
51389 27741
51390 27735
51391 27737
51392 27743
51393 27744
51394 27728
51395 27733
51396 27745
51397 27739
51398 27725
51399 27726
51400 28784
51401 29279
51402 29277
51403 30334
51404 31481
51405 31859
51406 31992
51407 32566
51408 32650
51409 32701
51410 32769
51411 32771
51412 32780
51413 32786
51414 32819
51415 32895
51416 32905
51417 32907
51418 32908
51419 33251
51420 33258
51421 33267
51422 33276
51423 33292
51424 33307
51425 33311
51426 33390
51427 33394
51428 33406
51429 34411
51430 34880
51431 34892
51432 34915
51433 35199
51434 38433
51435 20018
51436 20136
51437 20301
51438 20303
51439 20295
51440 20311
51441 20318
51442 20276
51443 20315
51444 20309
51445 20272
51446 20304
51447 20305
51448 20285
51449 20282
51450 20280
51451 20291
51452 20308
51453 20284
51454 20294
51617 20323
51618 20316
51619 20320
51620 20271
51621 20302
51622 20278
51623 20313
51624 20317
51625 20296
51626 20314
51627 20812
51628 20811
51629 20813
51630 20853
51631 20918
51632 20919
51633 21029
51634 21028
51635 21033
51636 21034
51637 21032
51638 21163
51639 21161
51640 21162
51641 21164
51642 21283
51643 21363
51644 21365
51645 21533
51646 21549
51647 21534
51648 21566
51649 21542
51650 21582
51651 21543
51652 21574
51653 21571
51654 21555
51655 21576
51656 21570
51657 21531
51658 21545
51659 21578
51660 21561
51661 21563
51662 21560
51663 21550
51664 21557
51665 21558
51666 21536
51667 21564
51668 21568
51669 21553
51670 21547
51671 21535
51672 21548
51673 22250
51674 22256
51675 22244
51676 22251
51677 22346
51678 22353
51679 22336
51680 22349
51681 22343
51682 22350
51683 22334
51684 22352
51685 22351
51686 22331
51687 22767
51688 22846
51689 22941
51690 22930
51691 22952
51692 22942
51693 22947
51694 22937
51695 22934
51696 22925
51697 22948
51698 22931
51699 22922
51700 22949
51701 23389
51702 23388
51703 23386
51704 23387
51705 23436
51706 23435
51707 23439
51708 23596
51709 23616
51710 23617
51873 23615
51874 23614
51875 23696
51876 23697
51877 23700
51878 23692
51879 24043
51880 24076
51881 24207
51882 24199
51883 24202
51884 24311
51885 24324
51886 24351
51887 24420
51888 24418
51889 24439
51890 24441
51891 24536
51892 24524
51893 24535
51894 24525
51895 24561
51896 24555
51897 24568
51898 24554
51899 25106
51900 25105
51901 25220
51902 25239
51903 25238
51904 25216
51905 25206
51906 25225
51907 25197
51908 25226
51909 25212
51910 25214
51911 25209
51912 25203
51913 25234
51914 25199
51915 25240
51916 25198
51917 25237
51918 25235
51919 25233
51920 25222
51921 25913
51922 25915
51923 25912
51924 26097
51925 26356
51926 26463
51927 26446
51928 26447
51929 26448
51930 26449
51931 26460
51932 26454
51933 26462
51934 26441
51935 26438
51936 26464
51937 26451
51938 26455
51939 27493
51940 27599
51941 27714
51942 27742
51943 27801
51944 27777
51945 27784
51946 27785
51947 27781
51948 27803
51949 27754
51950 27770
51951 27792
51952 27760
51953 27788
51954 27752
51955 27798
51956 27794
51957 27773
51958 27779
51959 27762
51960 27774
51961 27764
51962 27782
51963 27766
51964 27789
51965 27796
51966 27800
52129 27778
52130 28790
52131 28796
52132 28797
52133 28792
52134 29282
52135 29281
52136 29280
52137 29380
52138 29378
52139 29590
52140 29996
52141 29995
52142 30007
52143 30008
52144 30338
52145 30447
52146 30691
52147 31169
52148 31168
52149 31167
52150 31350
52151 31995
52152 32597
52153 32918
52154 32915
52155 32925
52156 32920
52157 32923
52158 32922
52159 32946
52160 33391
52161 33426
52162 33419
52163 33421
52164 35211
52165 35282
52166 35328
52167 35895
52168 35910
52169 35925
52170 35997
52171 36196
52172 36208
52173 36275
52174 36523
52175 36554
52176 36763
52177 36784
52178 36802
52179 36806
52180 36805
52181 36804
52182 24033
52183 37009
52184 37026
52185 37034
52186 37030
52187 37027
52188 37193
52189 37318
52190 37324
52191 38450
52192 38446
52193 38449
52194 38442
52195 38444
52196 20006
52197 20054
52198 20083
52199 20107
52200 20123
52201 20126
52202 20139
52203 20140
52204 20335
52205 20381
52206 20365
52207 20339
52208 20351
52209 20332
52210 20379
52211 20363
52212 20358
52213 20355
52214 20336
52215 20341
52216 20360
52217 20329
52218 20347
52219 20374
52220 20350
52221 20367
52222 20369
52385 20346
52386 20820
52387 20818
52388 20821
52389 20841
52390 20855
52391 20854
52392 20856
52393 20925
52394 20989
52395 21051
52396 21048
52397 21047
52398 21050
52399 21040
52400 21038
52401 21046
52402 21057
52403 21182
52404 21179
52405 21330
52406 21332
52407 21331
52408 21329
52409 21350
52410 21367
52411 21368
52412 21369
52413 21462
52414 21460
52415 21463
52416 21619
52417 21621
52418 21654
52419 21624
52420 21653
52421 21632
52422 21627
52423 21623
52424 21636
52425 21650
52426 21638
52427 21628
52428 21648
52429 21617
52430 21622
52431 21644
52432 21658
52433 21602
52434 21608
52435 21643
52436 21629
52437 21646
52438 22266
52439 22403
52440 22391
52441 22378
52442 22377
52443 22369
52444 22374
52445 22372
52446 22396
52447 22812
52448 22857
52449 22855
52450 22856
52451 22852
52452 22868
52453 22974
52454 22971
52455 22996
52456 22969
52457 22958
52458 22993
52459 22982
52460 22992
52461 22989
52462 22987
52463 22995
52464 22986
52465 22959
52466 22963
52467 22994
52468 22981
52469 23391
52470 23396
52471 23395
52472 23447
52473 23450
52474 23448
52475 23452
52476 23449
52477 23451
52478 23578
52641 23624
52642 23621
52643 23622
52644 23735
52645 23713
52646 23736
52647 23721
52648 23723
52649 23729
52650 23731
52651 24088
52652 24090
52653 24086
52654 24085
52655 24091
52656 24081
52657 24184
52658 24218
52659 24215
52660 24220
52661 24213
52662 24214
52663 24310
52664 24358
52665 24359
52666 24361
52667 24448
52668 24449
52669 24447
52670 24444
52671 24541
52672 24544
52673 24573
52674 24565
52675 24575
52676 24591
52677 24596
52678 24623
52679 24629
52680 24598
52681 24618
52682 24597
52683 24609
52684 24615
52685 24617
52686 24619
52687 24603
52688 25110
52689 25109
52690 25151
52691 25150
52692 25152
52693 25215
52694 25289
52695 25292
52696 25284
52697 25279
52698 25282
52699 25273
52700 25298
52701 25307
52702 25259
52703 25299
52704 25300
52705 25291
52706 25288
52707 25256
52708 25277
52709 25276
52710 25296
52711 25305
52712 25287
52713 25293
52714 25269
52715 25306
52716 25265
52717 25304
52718 25302
52719 25303
52720 25286
52721 25260
52722 25294
52723 25918
52724 26023
52725 26044
52726 26106
52727 26132
52728 26131
52729 26124
52730 26118
52731 26114
52732 26126
52733 26112
52734 26127
52897 26133
52898 26122
52899 26119
52900 26381
52901 26379
52902 26477
52903 26507
52904 26517
52905 26481
52906 26524
52907 26483
52908 26487
52909 26503
52910 26525
52911 26519
52912 26479
52913 26480
52914 26495
52915 26505
52916 26494
52917 26512
52918 26485
52919 26522
52920 26515
52921 26492
52922 26474
52923 26482
52924 27427
52925 27494
52926 27495
52927 27519
52928 27667
52929 27675
52930 27875
52931 27880
52932 27891
52933 27825
52934 27852
52935 27877
52936 27827
52937 27837
52938 27838
52939 27836
52940 27874
52941 27819
52942 27861
52943 27859
52944 27832
52945 27844
52946 27833
52947 27841
52948 27822
52949 27863
52950 27845
52951 27889
52952 27839
52953 27835
52954 27873
52955 27867
52956 27850
52957 27820
52958 27887
52959 27868
52960 27862
52961 27872
52962 28821
52963 28814
52964 28818
52965 28810
52966 28825
52967 29228
52968 29229
52969 29240
52970 29256
52971 29287
52972 29289
52973 29376
52974 29390
52975 29401
52976 29399
52977 29392
52978 29609
52979 29608
52980 29599
52981 29611
52982 29605
52983 30013
52984 30109
52985 30105
52986 30106
52987 30340
52988 30402
52989 30450
52990 30452
53153 30693
53154 30717
53155 31038
53156 31040
53157 31041
53158 31177
53159 31176
53160 31354
53161 31353
53162 31482
53163 31998
53164 32596
53165 32652
53166 32651
53167 32773
53168 32954
53169 32933
53170 32930
53171 32945
53172 32929
53173 32939
53174 32937
53175 32948
53176 32938
53177 32943
53178 33253
53179 33278
53180 33293
53181 33459
53182 33437
53183 33433
53184 33453
53185 33469
53186 33439
53187 33465
53188 33457
53189 33452
53190 33445
53191 33455
53192 33464
53193 33443
53194 33456
53195 33470
53196 33463
53197 34382
53198 34417
53199 21021
53200 34920
53201 36555
53202 36814
53203 36820
53204 36817
53205 37045
53206 37048
53207 37041
53208 37046
53209 37319
53210 37329
53211 38263
53212 38272
53213 38428
53214 38464
53215 38463
53216 38459
53217 38468
53218 38466
53219 38585
53220 38632
53221 38738
53222 38750
53223 20127
53224 20141
53225 20142
53226 20449
53227 20405
53228 20399
53229 20415
53230 20448
53231 20433
53232 20431
53233 20445
53234 20419
53235 20406
53236 20440
53237 20447
53238 20426
53239 20439
53240 20398
53241 20432
53242 20420
53243 20418
53244 20442
53245 20430
53246 20446
53409 20407
53410 20823
53411 20882
53412 20881
53413 20896
53414 21070
53415 21059
53416 21066
53417 21069
53418 21068
53419 21067
53420 21063
53421 21191
53422 21193
53423 21187
53424 21185
53425 21261
53426 21335
53427 21371
53428 21402
53429 21467
53430 21676
53431 21696
53432 21672
53433 21710
53434 21705
53435 21688
53436 21670
53437 21683
53438 21703
53439 21698
53440 21693
53441 21674
53442 21697
53443 21700
53444 21704
53445 21679
53446 21675
53447 21681
53448 21691
53449 21673
53450 21671
53451 21695
53452 22271
53453 22402
53454 22411
53455 22432
53456 22435
53457 22434
53458 22478
53459 22446
53460 22419
53461 22869
53462 22865
53463 22863
53464 22862
53465 22864
53466 23004
53467 23000
53468 23039
53469 23011
53470 23016
53471 23043
53472 23013
53473 23018
53474 23002
53475 23014
53476 23041
53477 23035
53478 23401
53479 23459
53480 23462
53481 23460
53482 23458
53483 23461
53484 23553
53485 23630
53486 23631
53487 23629
53488 23627
53489 23769
53490 23762
53491 24055
53492 24093
53493 24101
53494 24095
53495 24189
53496 24224
53497 24230
53498 24314
53499 24328
53500 24365
53501 24421
53502 24456
53665 24453
53666 24458
53667 24459
53668 24455
53669 24460
53670 24457
53671 24594
53672 24605
53673 24608
53674 24613
53675 24590
53676 24616
53677 24653
53678 24688
53679 24680
53680 24674
53681 24646
53682 24643
53683 24684
53684 24683
53685 24682
53686 24676
53687 25153
53688 25308
53689 25366
53690 25353
53691 25340
53692 25325
53693 25345
53694 25326
53695 25341
53696 25351
53697 25329
53698 25335
53699 25327
53700 25324
53701 25342
53702 25332
53703 25361
53704 25346
53705 25919
53706 25925
53707 26027
53708 26045
53709 26082
53710 26149
53711 26157
53712 26144
53713 26151
53714 26159
53715 26143
53716 26152
53717 26161
53718 26148
53719 26359
53720 26623
53721 26579
53722 26609
53723 26580
53724 26576
53725 26604
53726 26550
53727 26543
53728 26613
53729 26601
53730 26607
53731 26564
53732 26577
53733 26548
53734 26586
53735 26597
53736 26552
53737 26575
53738 26590
53739 26611
53740 26544
53741 26585
53742 26594
53743 26589
53744 26578
53745 27498
53746 27523
53747 27526
53748 27573
53749 27602
53750 27607
53751 27679
53752 27849
53753 27915
53754 27954
53755 27946
53756 27969
53757 27941
53758 27916
53921 27953
53922 27934
53923 27927
53924 27963
53925 27965
53926 27966
53927 27958
53928 27931
53929 27893
53930 27961
53931 27943
53932 27960
53933 27945
53934 27950
53935 27957
53936 27918
53937 27947
53938 28843
53939 28858
53940 28851
53941 28844
53942 28847
53943 28845
53944 28856
53945 28846
53946 28836
53947 29232
53948 29298
53949 29295
53950 29300
53951 29417
53952 29408
53953 29409
53954 29623
53955 29642
53956 29627
53957 29618
53958 29645
53959 29632
53960 29619
53961 29978
53962 29997
53963 30031
53964 30028
53965 30030
53966 30027
53967 30123
53968 30116
53969 30117
53970 30114
53971 30115
53972 30328
53973 30342
53974 30343
53975 30344
53976 30408
53977 30406
53978 30403
53979 30405
53980 30465
53981 30457
53982 30456
53983 30473
53984 30475
53985 30462
53986 30460
53987 30471
53988 30684
53989 30722
53990 30740
53991 30732
53992 30733
53993 31046
53994 31049
53995 31048
53996 31047
53997 31161
53998 31162
53999 31185
54000 31186
54001 31179
54002 31359
54003 31361
54004 31487
54005 31485
54006 31869
54007 32002
54008 32005
54009 32000
54010 32009
54011 32007
54012 32004
54013 32006
54014 32568
54177 32654
54178 32703
54179 32784
54180 32781
54181 32785
54182 32822
54183 32982
54184 32997
54185 32986
54186 32963
54187 32964
54188 32972
54189 32993
54190 32987
54191 32974
54192 32990
54193 32996
54194 32989
54195 33268
54196 33314
54197 33511
54198 33539
54199 33541
54200 33507
54201 33499
54202 33510
54203 33540
54204 33509
54205 33538
54206 33545
54207 33490
54208 33495
54209 33521
54210 33537
54211 33500
54212 33492
54213 33489
54214 33502
54215 33491
54216 33503
54217 33519
54218 33542
54219 34384
54220 34425
54221 34427
54222 34426
54223 34893
54224 34923
54225 35201
54226 35284
54227 35336
54228 35330
54229 35331
54230 35998
54231 36000
54232 36212
54233 36211
54234 36276
54235 36557
54236 36556
54237 36848
54238 36838
54239 36834
54240 36842
54241 36837
54242 36845
54243 36843
54244 36836
54245 36840
54246 37066
54247 37070
54248 37057
54249 37059
54250 37195
54251 37194
54252 37325
54253 38274
54254 38480
54255 38475
54256 38476
54257 38477
54258 38754
54259 38761
54260 38859
54261 38893
54262 38899
54263 38913
54264 39080
54265 39131
54266 39135
54267 39318
54268 39321
54269 20056
54270 20147
54433 20492
54434 20493
54435 20515
54436 20463
54437 20518
54438 20517
54439 20472
54440 20521
54441 20502
54442 20486
54443 20540
54444 20511
54445 20506
54446 20498
54447 20497
54448 20474
54449 20480
54450 20500
54451 20520
54452 20465
54453 20513
54454 20491
54455 20505
54456 20504
54457 20467
54458 20462
54459 20525
54460 20522
54461 20478
54462 20523
54463 20489
54464 20860
54465 20900
54466 20901
54467 20898
54468 20941
54469 20940
54470 20934
54471 20939
54472 21078
54473 21084
54474 21076
54475 21083
54476 21085
54477 21290
54478 21375
54479 21407
54480 21405
54481 21471
54482 21736
54483 21776
54484 21761
54485 21815
54486 21756
54487 21733
54488 21746
54489 21766
54490 21754
54491 21780
54492 21737
54493 21741
54494 21729
54495 21769
54496 21742
54497 21738
54498 21734
54499 21799
54500 21767
54501 21757
54502 21775
54503 22275
54504 22276
54505 22466
54506 22484
54507 22475
54508 22467
54509 22537
54510 22799
54511 22871
54512 22872
54513 22874
54514 23057
54515 23064
54516 23068
54517 23071
54518 23067
54519 23059
54520 23020
54521 23072
54522 23075
54523 23081
54524 23077
54525 23052
54526 23049
54689 23403
54690 23640
54691 23472
54692 23475
54693 23478
54694 23476
54695 23470
54696 23477
54697 23481
54698 23480
54699 23556
54700 23633
54701 23637
54702 23632
54703 23789
54704 23805
54705 23803
54706 23786
54707 23784
54708 23792
54709 23798
54710 23809
54711 23796
54712 24046
54713 24109
54714 24107
54715 24235
54716 24237
54717 24231
54718 24369
54719 24466
54720 24465
54721 24464
54722 24665
54723 24675
54724 24677
54725 24656
54726 24661
54727 24685
54728 24681
54729 24687
54730 24708
54731 24735
54732 24730
54733 24717
54734 24724
54735 24716
54736 24709
54737 24726
54738 25159
54739 25331
54740 25352
54741 25343
54742 25422
54743 25406
54744 25391
54745 25429
54746 25410
54747 25414
54748 25423
54749 25417
54750 25402
54751 25424
54752 25405
54753 25386
54754 25387
54755 25384
54756 25421
54757 25420
54758 25928
54759 25929
54760 26009
54761 26049
54762 26053
54763 26178
54764 26185
54765 26191
54766 26179
54767 26194
54768 26188
54769 26181
54770 26177
54771 26360
54772 26388
54773 26389
54774 26391
54775 26657
54776 26680
54777 26696
54778 26694
54779 26707
54780 26681
54781 26690
54782 26708
54945 26665
54946 26803
54947 26647
54948 26700
54949 26705
54950 26685
54951 26612
54952 26704
54953 26688
54954 26684
54955 26691
54956 26666
54957 26693
54958 26643
54959 26648
54960 26689
54961 27530
54962 27529
54963 27575
54964 27683
54965 27687
54966 27688
54967 27686
54968 27684
54969 27888
54970 28010
54971 28053
54972 28040
54973 28039
54974 28006
54975 28024
54976 28023
54977 27993
54978 28051
54979 28012
54980 28041
54981 28014
54982 27994
54983 28020
54984 28009
54985 28044
54986 28042
54987 28025
54988 28037
54989 28005
54990 28052
54991 28874
54992 28888
54993 28900
54994 28889
54995 28872
54996 28879
54997 29241
54998 29305
54999 29436
55000 29433
55001 29437
55002 29432
55003 29431
55004 29574
55005 29677
55006 29705
55007 29678
55008 29664
55009 29674
55010 29662
55011 30036
55012 30045
55013 30044
55014 30042
55015 30041
55016 30142
55017 30149
55018 30151
55019 30130
55020 30131
55021 30141
55022 30140
55023 30137
55024 30146
55025 30136
55026 30347
55027 30384
55028 30410
55029 30413
55030 30414
55031 30505
55032 30495
55033 30496
55034 30504
55035 30697
55036 30768
55037 30759
55038 30776
55201 30749
55202 30772
55203 30775
55204 30757
55205 30765
55206 30752
55207 30751
55208 30770
55209 31061
55210 31056
55211 31072
55212 31071
55213 31062
55214 31070
55215 31069
55216 31063
55217 31066
55218 31204
55219 31203
55220 31207
55221 31199
55222 31206
55223 31209
55224 31192
55225 31364
55226 31368
55227 31449
55228 31494
55229 31505
55230 31881
55231 32033
55232 32023
55233 32011
55234 32010
55235 32032
55236 32034
55237 32020
55238 32016
55239 32021
55240 32026
55241 32028
55242 32013
55243 32025
55244 32027
55245 32570
55246 32607
55247 32660
55248 32709
55249 32705
55250 32774
55251 32772
55252 32792
55253 32789
55254 32793
55255 32791
55256 32829
55257 32831
55258 33009
55259 33026
55260 33008
55261 33029
55262 33005
55263 33012
55264 33030
55265 33016
55266 33011
55267 33032
55268 33021
55269 33034
55270 33020
55271 33007
55272 33261
55273 33260
55274 33280
55275 33296
55276 33322
55277 33323
55278 33320
55279 33324
55280 33467
55281 33579
55282 33618
55283 33620
55284 33610
55285 33592
55286 33616
55287 33609
55288 33589
55289 33588
55290 33615
55291 33586
55292 33593
55293 33590
55294 33559
55457 33600
55458 33585
55459 33576
55460 33603
55461 34388
55462 34442
55463 34474
55464 34451
55465 34468
55466 34473
55467 34444
55468 34467
55469 34460
55470 34928
55471 34935
55472 34945
55473 34946
55474 34941
55475 34937
55476 35352
55477 35344
55478 35342
55479 35340
55480 35349
55481 35338
55482 35351
55483 35347
55484 35350
55485 35343
55486 35345
55487 35912
55488 35962
55489 35961
55490 36001
55491 36002
55492 36215
55493 36524
55494 36562
55495 36564
55496 36559
55497 36785
55498 36865
55499 36870
55500 36855
55501 36864
55502 36858
55503 36852
55504 36867
55505 36861
55506 36869
55507 36856
55508 37013
55509 37089
55510 37085
55511 37090
55512 37202
55513 37197
55514 37196
55515 37336
55516 37341
55517 37335
55518 37340
55519 37337
55520 38275
55521 38498
55522 38499
55523 38497
55524 38491
55525 38493
55526 38500
55527 38488
55528 38494
55529 38587
55530 39138
55531 39340
55532 39592
55533 39640
55534 39717
55535 39730
55536 39740
55537 20094
55538 20602
55539 20605
55540 20572
55541 20551
55542 20547
55543 20556
55544 20570
55545 20553
55546 20581
55547 20598
55548 20558
55549 20565
55550 20597
55713 20596
55714 20599
55715 20559
55716 20495
55717 20591
55718 20589
55719 20828
55720 20885
55721 20976
55722 21098
55723 21103
55724 21202
55725 21209
55726 21208
55727 21205
55728 21264
55729 21263
55730 21273
55731 21311
55732 21312
55733 21310
55734 21443
55735 26364
55736 21830
55737 21866
55738 21862
55739 21828
55740 21854
55741 21857
55742 21827
55743 21834
55744 21809
55745 21846
55746 21839
55747 21845
55748 21807
55749 21860
55750 21816
55751 21806
55752 21852
55753 21804
55754 21859
55755 21811
55756 21825
55757 21847
55758 22280
55759 22283
55760 22281
55761 22495
55762 22533
55763 22538
55764 22534
55765 22496
55766 22500
55767 22522
55768 22530
55769 22581
55770 22519
55771 22521
55772 22816
55773 22882
55774 23094
55775 23105
55776 23113
55777 23142
55778 23146
55779 23104
55780 23100
55781 23138
55782 23130
55783 23110
55784 23114
55785 23408
55786 23495
55787 23493
55788 23492
55789 23490
55790 23487
55791 23494
55792 23561
55793 23560
55794 23559
55795 23648
55796 23644
55797 23645
55798 23815
55799 23814
55800 23822
55801 23835
55802 23830
55803 23842
55804 23825
55805 23849
55806 23828
55969 23833
55970 23844
55971 23847
55972 23831
55973 24034
55974 24120
55975 24118
55976 24115
55977 24119
55978 24247
55979 24248
55980 24246
55981 24245
55982 24254
55983 24373
55984 24375
55985 24407
55986 24428
55987 24425
55988 24427
55989 24471
55990 24473
55991 24478
55992 24472
55993 24481
55994 24480
55995 24476
55996 24703
55997 24739
55998 24713
55999 24736
56000 24744
56001 24779
56002 24756
56003 24806
56004 24765
56005 24773
56006 24763
56007 24757
56008 24796
56009 24764
56010 24792
56011 24789
56012 24774
56013 24799
56014 24760
56015 24794
56016 24775
56017 25114
56018 25115
56019 25160
56020 25504
56021 25511
56022 25458
56023 25494
56024 25506
56025 25509
56026 25463
56027 25447
56028 25496
56029 25514
56030 25457
56031 25513
56032 25481
56033 25475
56034 25499
56035 25451
56036 25512
56037 25476
56038 25480
56039 25497
56040 25505
56041 25516
56042 25490
56043 25487
56044 25472
56045 25467
56046 25449
56047 25448
56048 25466
56049 25949
56050 25942
56051 25937
56052 25945
56053 25943
56054 21855
56055 25935
56056 25944
56057 25941
56058 25940
56059 26012
56060 26011
56061 26028
56062 26063
56225 26059
56226 26060
56227 26062
56228 26205
56229 26202
56230 26212
56231 26216
56232 26214
56233 26206
56234 26361
56235 21207
56236 26395
56237 26753
56238 26799
56239 26786
56240 26771
56241 26805
56242 26751
56243 26742
56244 26801
56245 26791
56246 26775
56247 26800
56248 26755
56249 26820
56250 26797
56251 26758
56252 26757
56253 26772
56254 26781
56255 26792
56256 26783
56257 26785
56258 26754
56259 27442
56260 27578
56261 27627
56262 27628
56263 27691
56264 28046
56265 28092
56266 28147
56267 28121
56268 28082
56269 28129
56270 28108
56271 28132
56272 28155
56273 28154
56274 28165
56275 28103
56276 28107
56277 28079
56278 28113
56279 28078
56280 28126
56281 28153
56282 28088
56283 28151
56284 28149
56285 28101
56286 28114
56287 28186
56288 28085
56289 28122
56290 28139
56291 28120
56292 28138
56293 28145
56294 28142
56295 28136
56296 28102
56297 28100
56298 28074
56299 28140
56300 28095
56301 28134
56302 28921
56303 28937
56304 28938
56305 28925
56306 28911
56307 29245
56308 29309
56309 29313
56310 29468
56311 29467
56312 29462
56313 29459
56314 29465
56315 29575
56316 29701
56317 29706
56318 29699
56481 29702
56482 29694
56483 29709
56484 29920
56485 29942
56486 29943
56487 29980
56488 29986
56489 30053
56490 30054
56491 30050
56492 30064
56493 30095
56494 30164
56495 30165
56496 30133
56497 30154
56498 30157
56499 30350
56500 30420
56501 30418
56502 30427
56503 30519
56504 30526
56505 30524
56506 30518
56507 30520
56508 30522
56509 30827
56510 30787
56511 30798
56512 31077
56513 31080
56514 31085
56515 31227
56516 31378
56517 31381
56518 31520
56519 31528
56520 31515
56521 31532
56522 31526
56523 31513
56524 31518
56525 31534
56526 31890
56527 31895
56528 31893
56529 32070
56530 32067
56531 32113
56532 32046
56533 32057
56534 32060
56535 32064
56536 32048
56537 32051
56538 32068
56539 32047
56540 32066
56541 32050
56542 32049
56543 32573
56544 32670
56545 32666
56546 32716
56547 32718
56548 32722
56549 32796
56550 32842
56551 32838
56552 33071
56553 33046
56554 33059
56555 33067
56556 33065
56557 33072
56558 33060
56559 33282
56560 33333
56561 33335
56562 33334
56563 33337
56564 33678
56565 33694
56566 33688
56567 33656
56568 33698
56569 33686
56570 33725
56571 33707
56572 33682
56573 33674
56574 33683
56737 33673
56738 33696
56739 33655
56740 33659
56741 33660
56742 33670
56743 33703
56744 34389
56745 24426
56746 34503
56747 34496
56748 34486
56749 34500
56750 34485
56751 34502
56752 34507
56753 34481
56754 34479
56755 34505
56756 34899
56757 34974
56758 34952
56759 34987
56760 34962
56761 34966
56762 34957
56763 34955
56764 35219
56765 35215
56766 35370
56767 35357
56768 35363
56769 35365
56770 35377
56771 35373
56772 35359
56773 35355
56774 35362
56775 35913
56776 35930
56777 36009
56778 36012
56779 36011
56780 36008
56781 36010
56782 36007
56783 36199
56784 36198
56785 36286
56786 36282
56787 36571
56788 36575
56789 36889
56790 36877
56791 36890
56792 36887
56793 36899
56794 36895
56795 36893
56796 36880
56797 36885
56798 36894
56799 36896
56800 36879
56801 36898
56802 36886
56803 36891
56804 36884
56805 37096
56806 37101
56807 37117
56808 37207
56809 37326
56810 37365
56811 37350
56812 37347
56813 37351
56814 37357
56815 37353
56816 38281
56817 38506
56818 38517
56819 38515
56820 38520
56821 38512
56822 38516
56823 38518
56824 38519
56825 38508
56826 38592
56827 38634
56828 38633
56829 31456
56830 31455
56993 38914
56994 38915
56995 39770
56996 40165
56997 40565
56998 40575
56999 40613
57000 40635
57001 20642
57002 20621
57003 20613
57004 20633
57005 20625
57006 20608
57007 20630
57008 20632
57009 20634
57010 26368
57011 20977
57012 21106
57013 21108
57014 21109
57015 21097
57016 21214
57017 21213
57018 21211
57019 21338
57020 21413
57021 21883
57022 21888
57023 21927
57024 21884
57025 21898
57026 21917
57027 21912
57028 21890
57029 21916
57030 21930
57031 21908
57032 21895
57033 21899
57034 21891
57035 21939
57036 21934
57037 21919
57038 21822
57039 21938
57040 21914
57041 21947
57042 21932
57043 21937
57044 21886
57045 21897
57046 21931
57047 21913
57048 22285
57049 22575
57050 22570
57051 22580
57052 22564
57053 22576
57054 22577
57055 22561
57056 22557
57057 22560
57058 22777
57059 22778
57060 22880
57061 23159
57062 23194
57063 23167
57064 23186
57065 23195
57066 23207
57067 23411
57068 23409
57069 23506
57070 23500
57071 23507
57072 23504
57073 23562
57074 23563
57075 23601
57076 23884
57077 23888
57078 23860
57079 23879
57080 24061
57081 24133
57082 24125
57083 24128
57084 24131
57085 24190
57086 24266
57249 24257
57250 24258
57251 24260
57252 24380
57253 24429
57254 24489
57255 24490
57256 24488
57257 24785
57258 24801
57259 24754
57260 24758
57261 24800
57262 24860
57263 24867
57264 24826
57265 24853
57266 24816
57267 24827
57268 24820
57269 24936
57270 24817
57271 24846
57272 24822
57273 24841
57274 24832
57275 24850
57276 25119
57277 25161
57278 25507
57279 25484
57280 25551
57281 25536
57282 25577
57283 25545
57284 25542
57285 25549
57286 25554
57287 25571
57288 25552
57289 25569
57290 25558
57291 25581
57292 25582
57293 25462
57294 25588
57295 25578
57296 25563
57297 25682
57298 25562
57299 25593
57300 25950
57301 25958
57302 25954
57303 25955
57304 26001
57305 26000
57306 26031
57307 26222
57308 26224
57309 26228
57310 26230
57311 26223
57312 26257
57313 26234
57314 26238
57315 26231
57316 26366
57317 26367
57318 26399
57319 26397
57320 26874
57321 26837
57322 26848
57323 26840
57324 26839
57325 26885
57326 26847
57327 26869
57328 26862
57329 26855
57330 26873
57331 26834
57332 26866
57333 26851
57334 26827
57335 26829
57336 26893
57337 26898
57338 26894
57339 26825
57340 26842
57341 26990
57342 26875
57505 27454
57506 27450
57507 27453
57508 27544
57509 27542
57510 27580
57511 27631
57512 27694
57513 27695
57514 27692
57515 28207
57516 28216
57517 28244
57518 28193
57519 28210
57520 28263
57521 28234
57522 28192
57523 28197
57524 28195
57525 28187
57526 28251
57527 28248
57528 28196
57529 28246
57530 28270
57531 28205
57532 28198
57533 28271
57534 28212
57535 28237
57536 28218
57537 28204
57538 28227
57539 28189
57540 28222
57541 28363
57542 28297
57543 28185
57544 28238
57545 28259
57546 28228
57547 28274
57548 28265
57549 28255
57550 28953
57551 28954
57552 28966
57553 28976
57554 28961
57555 28982
57556 29038
57557 28956
57558 29260
57559 29316
57560 29312
57561 29494
57562 29477
57563 29492
57564 29481
57565 29754
57566 29738
57567 29747
57568 29730
57569 29733
57570 29749
57571 29750
57572 29748
57573 29743
57574 29723
57575 29734
57576 29736
57577 29989
57578 29990
57579 30059
57580 30058
57581 30178
57582 30171
57583 30179
57584 30169
57585 30168
57586 30174
57587 30176
57588 30331
57589 30332
57590 30358
57591 30355
57592 30388
57593 30428
57594 30543
57595 30701
57596 30813
57597 30828
57598 30831
57761 31245
57762 31240
57763 31243
57764 31237
57765 31232
57766 31384
57767 31383
57768 31382
57769 31461
57770 31459
57771 31561
57772 31574
57773 31558
57774 31568
57775 31570
57776 31572
57777 31565
57778 31563
57779 31567
57780 31569
57781 31903
57782 31909
57783 32094
57784 32080
57785 32104
57786 32085
57787 32043
57788 32110
57789 32114
57790 32097
57791 32102
57792 32098
57793 32112
57794 32115
57795 21892
57796 32724
57797 32725
57798 32779
57799 32850
57800 32901
57801 33109
57802 33108
57803 33099
57804 33105
57805 33102
57806 33081
57807 33094
57808 33086
57809 33100
57810 33107
57811 33140
57812 33298
57813 33308
57814 33769
57815 33795
57816 33784
57817 33805
57818 33760
57819 33733
57820 33803
57821 33729
57822 33775
57823 33777
57824 33780
57825 33879
57826 33802
57827 33776
57828 33804
57829 33740
57830 33789
57831 33778
57832 33738
57833 33848
57834 33806
57835 33796
57836 33756
57837 33799
57838 33748
57839 33759
57840 34395
57841 34527
57842 34521
57843 34541
57844 34516
57845 34523
57846 34532
57847 34512
57848 34526
57849 34903
57850 35009
57851 35010
57852 34993
57853 35203
57854 35222
58017 35387
58018 35424
58019 35413
58020 35422
58021 35388
58022 35393
58023 35412
58024 35419
58025 35408
58026 35398
58027 35380
58028 35386
58029 35382
58030 35414
58031 35937
58032 35970
58033 36015
58034 36028
58035 36019
58036 36029
58037 36033
58038 36027
58039 36032
58040 36020
58041 36023
58042 36022
58043 36031
58044 36024
58045 36234
58046 36229
58047 36225
58048 36302
58049 36317
58050 36299
58051 36314
58052 36305
58053 36300
58054 36315
58055 36294
58056 36603
58057 36600
58058 36604
58059 36764
58060 36910
58061 36917
58062 36913
58063 36920
58064 36914
58065 36918
58066 37122
58067 37109
58068 37129
58069 37118
58070 37219
58071 37221
58072 37327
58073 37396
58074 37397
58075 37411
58076 37385
58077 37406
58078 37389
58079 37392
58080 37383
58081 37393
58082 38292
58083 38287
58084 38283
58085 38289
58086 38291
58087 38290
58088 38286
58089 38538
58090 38542
58091 38539
58092 38525
58093 38533
58094 38534
58095 38541
58096 38514
58097 38532
58098 38593
58099 38597
58100 38596
58101 38598
58102 38599
58103 38639
58104 38642
58105 38860
58106 38917
58107 38918
58108 38920
58109 39143
58110 39146
58273 39151
58274 39145
58275 39154
58276 39149
58277 39342
58278 39341
58279 40643
58280 40653
58281 40657
58282 20098
58283 20653
58284 20661
58285 20658
58286 20659
58287 20677
58288 20670
58289 20652
58290 20663
58291 20667
58292 20655
58293 20679
58294 21119
58295 21111
58296 21117
58297 21215
58298 21222
58299 21220
58300 21218
58301 21219
58302 21295
58303 21983
58304 21992
58305 21971
58306 21990
58307 21966
58308 21980
58309 21959
58310 21969
58311 21987
58312 21988
58313 21999
58314 21978
58315 21985
58316 21957
58317 21958
58318 21989
58319 21961
58320 22290
58321 22291
58322 22622
58323 22609
58324 22616
58325 22615
58326 22618
58327 22612
58328 22635
58329 22604
58330 22637
58331 22602
58332 22626
58333 22610
58334 22603
58335 22887
58336 23233
58337 23241
58338 23244
58339 23230
58340 23229
58341 23228
58342 23219
58343 23234
58344 23218
58345 23913
58346 23919
58347 24140
58348 24185
58349 24265
58350 24264
58351 24338
58352 24409
58353 24492
58354 24494
58355 24858
58356 24847
58357 24904
58358 24863
58359 24819
58360 24859
58361 24825
58362 24833
58363 24840
58364 24910
58365 24908
58366 24900
58529 24909
58530 24894
58531 24884
58532 24871
58533 24845
58534 24838
58535 24887
58536 25121
58537 25122
58538 25619
58539 25662
58540 25630
58541 25642
58542 25645
58543 25661
58544 25644
58545 25615
58546 25628
58547 25620
58548 25613
58549 25654
58550 25622
58551 25623
58552 25606
58553 25964
58554 26015
58555 26032
58556 26263
58557 26249
58558 26247
58559 26248
58560 26262
58561 26244
58562 26264
58563 26253
58564 26371
58565 27028
58566 26989
58567 26970
58568 26999
58569 26976
58570 26964
58571 26997
58572 26928
58573 27010
58574 26954
58575 26984
58576 26987
58577 26974
58578 26963
58579 27001
58580 27014
58581 26973
58582 26979
58583 26971
58584 27463
58585 27506
58586 27584
58587 27583
58588 27603
58589 27645
58590 28322
58591 28335
58592 28371
58593 28342
58594 28354
58595 28304
58596 28317
58597 28359
58598 28357
58599 28325
58600 28312
58601 28348
58602 28346
58603 28331
58604 28369
58605 28310
58606 28316
58607 28356
58608 28372
58609 28330
58610 28327
58611 28340
58612 29006
58613 29017
58614 29033
58615 29028
58616 29001
58617 29031
58618 29020
58619 29036
58620 29030
58621 29004
58622 29029
58785 29022
58786 28998
58787 29032
58788 29014
58789 29242
58790 29266
58791 29495
58792 29509
58793 29503
58794 29502
58795 29807
58796 29786
58797 29781
58798 29791
58799 29790
58800 29761
58801 29759
58802 29785
58803 29787
58804 29788
58805 30070
58806 30072
58807 30208
58808 30192
58809 30209
58810 30194
58811 30193
58812 30202
58813 30207
58814 30196
58815 30195
58816 30430
58817 30431
58818 30555
58819 30571
58820 30566
58821 30558
58822 30563
58823 30585
58824 30570
58825 30572
58826 30556
58827 30565
58828 30568
58829 30562
58830 30702
58831 30862
58832 30896
58833 30871
58834 30872
58835 30860
58836 30857
58837 30844
58838 30865
58839 30867
58840 30847
58841 31098
58842 31103
58843 31105
58844 33836
58845 31165
58846 31260
58847 31258
58848 31264
58849 31252
58850 31263
58851 31262
58852 31391
58853 31392
58854 31607
58855 31680
58856 31584
58857 31598
58858 31591
58859 31921
58860 31923
58861 31925
58862 32147
58863 32121
58864 32145
58865 32129
58866 32143
58867 32091
58868 32622
58869 32617
58870 32618
58871 32626
58872 32681
58873 32680
58874 32676
58875 32854
58876 32856
58877 32902
58878 32900
59041 33137
59042 33136
59043 33144
59044 33125
59045 33134
59046 33139
59047 33131
59048 33145
59049 33146
59050 33126
59051 33285
59052 33351
59053 33922
59054 33911
59055 33853
59056 33841
59057 33909
59058 33894
59059 33899
59060 33865
59061 33900
59062 33883
59063 33852
59064 33845
59065 33889
59066 33891
59067 33897
59068 33901
59069 33862
59070 34398
59071 34396
59072 34399
59073 34553
59074 34579
59075 34568
59076 34567
59077 34560
59078 34558
59079 34555
59080 34562
59081 34563
59082 34566
59083 34570
59084 34905
59085 35039
59086 35028
59087 35033
59088 35036
59089 35032
59090 35037
59091 35041
59092 35018
59093 35029
59094 35026
59095 35228
59096 35299
59097 35435
59098 35442
59099 35443
59100 35430
59101 35433
59102 35440
59103 35463
59104 35452
59105 35427
59106 35488
59107 35441
59108 35461
59109 35437
59110 35426
59111 35438
59112 35436
59113 35449
59114 35451
59115 35390
59116 35432
59117 35938
59118 35978
59119 35977
59120 36042
59121 36039
59122 36040
59123 36036
59124 36018
59125 36035
59126 36034
59127 36037
59128 36321
59129 36319
59130 36328
59131 36335
59132 36339
59133 36346
59134 36330
59297 36324
59298 36326
59299 36530
59300 36611
59301 36617
59302 36606
59303 36618
59304 36767
59305 36786
59306 36939
59307 36938
59308 36947
59309 36930
59310 36948
59311 36924
59312 36949
59313 36944
59314 36935
59315 36943
59316 36942
59317 36941
59318 36945
59319 36926
59320 36929
59321 37138
59322 37143
59323 37228
59324 37226
59325 37225
59326 37321
59327 37431
59328 37463
59329 37432
59330 37437
59331 37440
59332 37438
59333 37467
59334 37451
59335 37476
59336 37457
59337 37428
59338 37449
59339 37453
59340 37445
59341 37433
59342 37439
59343 37466
59344 38296
59345 38552
59346 38548
59347 38549
59348 38605
59349 38603
59350 38601
59351 38602
59352 38647
59353 38651
59354 38649
59355 38646
59356 38742
59357 38772
59358 38774
59359 38928
59360 38929
59361 38931
59362 38922
59363 38930
59364 38924
59365 39164
59366 39156
59367 39165
59368 39166
59369 39347
59370 39345
59371 39348
59372 39649
59373 40169
59374 40578
59375 40718
59376 40723
59377 40736
59378 20711
59379 20718
59380 20709
59381 20694
59382 20717
59383 20698
59384 20693
59385 20687
59386 20689
59387 20721
59388 20686
59389 20713
59390 20834
59553 20979
59554 21123
59555 21122
59556 21297
59557 21421
59558 22014
59559 22016
59560 22043
59561 22039
59562 22013
59563 22036
59564 22022
59565 22025
59566 22029
59567 22030
59568 22007
59569 22038
59570 22047
59571 22024
59572 22032
59573 22006
59574 22296
59575 22294
59576 22645
59577 22654
59578 22659
59579 22675
59580 22666
59581 22649
59582 22661
59583 22653
59584 22781
59585 22821
59586 22818
59587 22820
59588 22890
59589 22889
59590 23265
59591 23270
59592 23273
59593 23255
59594 23254
59595 23256
59596 23267
59597 23413
59598 23518
59599 23527
59600 23521
59601 23525
59602 23526
59603 23528
59604 23522
59605 23524
59606 23519
59607 23565
59608 23650
59609 23940
59610 23943
59611 24155
59612 24163
59613 24149
59614 24151
59615 24148
59616 24275
59617 24278
59618 24330
59619 24390
59620 24432
59621 24505
59622 24903
59623 24895
59624 24907
59625 24951
59626 24930
59627 24931
59628 24927
59629 24922
59630 24920
59631 24949
59632 25130
59633 25735
59634 25688
59635 25684
59636 25764
59637 25720
59638 25695
59639 25722
59640 25681
59641 25703
59642 25652
59643 25709
59644 25723
59645 25970
59646 26017
59809 26071
59810 26070
59811 26274
59812 26280
59813 26269
59814 27036
59815 27048
59816 27029
59817 27073
59818 27054
59819 27091
59820 27083
59821 27035
59822 27063
59823 27067
59824 27051
59825 27060
59826 27088
59827 27085
59828 27053
59829 27084
59830 27046
59831 27075
59832 27043
59833 27465
59834 27468
59835 27699
59836 28467
59837 28436
59838 28414
59839 28435
59840 28404
59841 28457
59842 28478
59843 28448
59844 28460
59845 28431
59846 28418
59847 28450
59848 28415
59849 28399
59850 28422
59851 28465
59852 28472
59853 28466
59854 28451
59855 28437
59856 28459
59857 28463
59858 28552
59859 28458
59860 28396
59861 28417
59862 28402
59863 28364
59864 28407
59865 29076
59866 29081
59867 29053
59868 29066
59869 29060
59870 29074
59871 29246
59872 29330
59873 29334
59874 29508
59875 29520
59876 29796
59877 29795
59878 29802
59879 29808
59880 29805
59881 29956
59882 30097
59883 30247
59884 30221
59885 30219
59886 30217
59887 30227
59888 30433
59889 30435
59890 30596
59891 30589
59892 30591
59893 30561
59894 30913
59895 30879
59896 30887
59897 30899
59898 30889
59899 30883
59900 31118
59901 31119
59902 31117
60065 31278
60066 31281
60067 31402
60068 31401
60069 31469
60070 31471
60071 31649
60072 31637
60073 31627
60074 31605
60075 31639
60076 31645
60077 31636
60078 31631
60079 31672
60080 31623
60081 31620
60082 31929
60083 31933
60084 31934
60085 32187
60086 32176
60087 32156
60088 32189
60089 32190
60090 32160
60091 32202
60092 32180
60093 32178
60094 32177
60095 32186
60096 32162
60097 32191
60098 32181
60099 32184
60100 32173
60101 32210
60102 32199
60103 32172
60104 32624
60105 32736
60106 32737
60107 32735
60108 32862
60109 32858
60110 32903
60111 33104
60112 33152
60113 33167
60114 33160
60115 33162
60116 33151
60117 33154
60118 33255
60119 33274
60120 33287
60121 33300
60122 33310
60123 33355
60124 33993
60125 33983
60126 33990
60127 33988
60128 33945
60129 33950
60130 33970
60131 33948
60132 33995
60133 33976
60134 33984
60135 34003
60136 33936
60137 33980
60138 34001
60139 33994
60140 34623
60141 34588
60142 34619
60143 34594
60144 34597
60145 34612
60146 34584
60147 34645
60148 34615
60149 34601
60150 35059
60151 35074
60152 35060
60153 35065
60154 35064
60155 35069
60156 35048
60157 35098
60158 35055
60321 35494
60322 35468
60323 35486
60324 35491
60325 35469
60326 35489
60327 35475
60328 35492
60329 35498
60330 35493
60331 35496
60332 35480
60333 35473
60334 35482
60335 35495
60336 35946
60337 35981
60338 35980
60339 36051
60340 36049
60341 36050
60342 36203
60343 36249
60344 36245
60345 36348
60346 36628
60347 36626
60348 36629
60349 36627
60350 36771
60351 36960
60352 36952
60353 36956
60354 36963
60355 36953
60356 36958
60357 36962
60358 36957
60359 36955
60360 37145
60361 37144
60362 37150
60363 37237
60364 37240
60365 37239
60366 37236
60367 37496
60368 37548
60369 37504
60370 37509
60371 37528
60372 37526
60373 37499
60374 37523
60375 37532
60376 37544
60377 37500
60378 37521
60379 38305
60380 38312
60381 38313
60382 38307
60383 38309
60384 38308
60385 38553
60386 38556
60387 38555
60388 38604
60389 38610
60390 38656
60391 38780
60392 38789
60393 38902
60394 38935
60395 38936
60396 39087
60397 39089
60398 39171
60399 39173
60400 39180
60401 39177
60402 39361
60403 39599
60404 39600
60405 39654
60406 39745
60407 39746
60408 40180
60409 40182
60410 40179
60411 40636
60412 40763
60413 40778
60414 20740
60577 20736
60578 20731
60579 20725
60580 20729
60581 20738
60582 20744
60583 20745
60584 20741
60585 20956
60586 21127
60587 21128
60588 21129
60589 21133
60590 21130
60591 21232
60592 21426
60593 22062
60594 22075
60595 22073
60596 22066
60597 22079
60598 22068
60599 22057
60600 22099
60601 22094
60602 22103
60603 22132
60604 22070
60605 22063
60606 22064
60607 22656
60608 22687
60609 22686
60610 22707
60611 22684
60612 22702
60613 22697
60614 22694
60615 22893
60616 23305
60617 23291
60618 23307
60619 23285
60620 23308
60621 23304
60622 23534
60623 23532
60624 23529
60625 23531
60626 23652
60627 23653
60628 23965
60629 23956
60630 24162
60631 24159
60632 24161
60633 24290
60634 24282
60635 24287
60636 24285
60637 24291
60638 24288
60639 24392
60640 24433
60641 24503
60642 24501
60643 24950
60644 24935
60645 24942
60646 24925
60647 24917
60648 24962
60649 24956
60650 24944
60651 24939
60652 24958
60653 24999
60654 24976
60655 25003
60656 24974
60657 25004
60658 24986
60659 24996
60660 24980
60661 25006
60662 25134
60663 25705
60664 25711
60665 25721
60666 25758
60667 25778
60668 25736
60669 25744
60670 25776
60833 25765
60834 25747
60835 25749
60836 25769
60837 25746
60838 25774
60839 25773
60840 25771
60841 25754
60842 25772
60843 25753
60844 25762
60845 25779
60846 25973
60847 25975
60848 25976
60849 26286
60850 26283
60851 26292
60852 26289
60853 27171
60854 27167
60855 27112
60856 27137
60857 27166
60858 27161
60859 27133
60860 27169
60861 27155
60862 27146
60863 27123
60864 27138
60865 27141
60866 27117
60867 27153
60868 27472
60869 27470
60870 27556
60871 27589
60872 27590
60873 28479
60874 28540
60875 28548
60876 28497
60877 28518
60878 28500
60879 28550
60880 28525
60881 28507
60882 28536
60883 28526
60884 28558
60885 28538
60886 28528
60887 28516
60888 28567
60889 28504
60890 28373
60891 28527
60892 28512
60893 28511
60894 29087
60895 29100
60896 29105
60897 29096
60898 29270
60899 29339
60900 29518
60901 29527
60902 29801
60903 29835
60904 29827
60905 29822
60906 29824
60907 30079
60908 30240
60909 30249
60910 30239
60911 30244
60912 30246
60913 30241
60914 30242
60915 30362
60916 30394
60917 30436
60918 30606
60919 30599
60920 30604
60921 30609
60922 30603
60923 30923
60924 30917
60925 30906
60926 30922
61089 30910
61090 30933
61091 30908
61092 30928
61093 31295
61094 31292
61095 31296
61096 31293
61097 31287
61098 31291
61099 31407
61100 31406
61101 31661
61102 31665
61103 31684
61104 31668
61105 31686
61106 31687
61107 31681
61108 31648
61109 31692
61110 31946
61111 32224
61112 32244
61113 32239
61114 32251
61115 32216
61116 32236
61117 32221
61118 32232
61119 32227
61120 32218
61121 32222
61122 32233
61123 32158
61124 32217
61125 32242
61126 32249
61127 32629
61128 32631
61129 32687
61130 32745
61131 32806
61132 33179
61133 33180
61134 33181
61135 33184
61136 33178
61137 33176
61138 34071
61139 34109
61140 34074
61141 34030
61142 34092
61143 34093
61144 34067
61145 34065
61146 34083
61147 34081
61148 34068
61149 34028
61150 34085
61151 34047
61152 34054
61153 34690
61154 34676
61155 34678
61156 34656
61157 34662
61158 34680
61159 34664
61160 34649
61161 34647
61162 34636
61163 34643
61164 34907
61165 34909
61166 35088
61167 35079
61168 35090
61169 35091
61170 35093
61171 35082
61172 35516
61173 35538
61174 35527
61175 35524
61176 35477
61177 35531
61178 35576
61179 35506
61180 35529
61181 35522
61182 35519
61345 35504
61346 35542
61347 35533
61348 35510
61349 35513
61350 35547
61351 35916
61352 35918
61353 35948
61354 36064
61355 36062
61356 36070
61357 36068
61358 36076
61359 36077
61360 36066
61361 36067
61362 36060
61363 36074
61364 36065
61365 36205
61366 36255
61367 36259
61368 36395
61369 36368
61370 36381
61371 36386
61372 36367
61373 36393
61374 36383
61375 36385
61376 36382
61377 36538
61378 36637
61379 36635
61380 36639
61381 36649
61382 36646
61383 36650
61384 36636
61385 36638
61386 36645
61387 36969
61388 36974
61389 36968
61390 36973
61391 36983
61392 37168
61393 37165
61394 37159
61395 37169
61396 37255
61397 37257
61398 37259
61399 37251
61400 37573
61401 37563
61402 37559
61403 37610
61404 37604
61405 37569
61406 37555
61407 37564
61408 37586
61409 37575
61410 37616
61411 37554
61412 38317
61413 38321
61414 38660
61415 38662
61416 38663
61417 38665
61418 38752
61419 38797
61420 38795
61421 38799
61422 38945
61423 38955
61424 38940
61425 39091
61426 39178
61427 39187
61428 39186
61429 39192
61430 39389
61431 39376
61432 39391
61433 39387
61434 39377
61435 39381
61436 39378
61437 39385
61438 39607
61601 39662
61602 39663
61603 39719
61604 39749
61605 39748
61606 39799
61607 39791
61608 40198
61609 40201
61610 40195
61611 40617
61612 40638
61613 40654
61614 22696
61615 40786
61616 20754
61617 20760
61618 20756
61619 20752
61620 20757
61621 20864
61622 20906
61623 20957
61624 21137
61625 21139
61626 21235
61627 22105
61628 22123
61629 22137
61630 22121
61631 22116
61632 22136
61633 22122
61634 22120
61635 22117
61636 22129
61637 22127
61638 22124
61639 22114
61640 22134
61641 22721
61642 22718
61643 22727
61644 22725
61645 22894
61646 23325
61647 23348
61648 23416
61649 23536
61650 23566
61651 24394
61652 25010
61653 24977
61654 25001
61655 24970
61656 25037
61657 25014
61658 25022
61659 25034
61660 25032
61661 25136
61662 25797
61663 25793
61664 25803
61665 25787
61666 25788
61667 25818
61668 25796
61669 25799
61670 25794
61671 25805
61672 25791
61673 25810
61674 25812
61675 25790
61676 25972
61677 26310
61678 26313
61679 26297
61680 26308
61681 26311
61682 26296
61683 27197
61684 27192
61685 27194
61686 27225
61687 27243
61688 27224
61689 27193
61690 27204
61691 27234
61692 27233
61693 27211
61694 27207
61857 27189
61858 27231
61859 27208
61860 27481
61861 27511
61862 27653
61863 28610
61864 28593
61865 28577
61866 28611
61867 28580
61868 28609
61869 28583
61870 28595
61871 28608
61872 28601
61873 28598
61874 28582
61875 28576
61876 28596
61877 29118
61878 29129
61879 29136
61880 29138
61881 29128
61882 29141
61883 29113
61884 29134
61885 29145
61886 29148
61887 29123
61888 29124
61889 29544
61890 29852
61891 29859
61892 29848
61893 29855
61894 29854
61895 29922
61896 29964
61897 29965
61898 30260
61899 30264
61900 30266
61901 30439
61902 30437
61903 30624
61904 30622
61905 30623
61906 30629
61907 30952
61908 30938
61909 30956
61910 30951
61911 31142
61912 31309
61913 31310
61914 31302
61915 31308
61916 31307
61917 31418
61918 31705
61919 31761
61920 31689
61921 31716
61922 31707
61923 31713
61924 31721
61925 31718
61926 31957
61927 31958
61928 32266
61929 32273
61930 32264
61931 32283
61932 32291
61933 32286
61934 32285
61935 32265
61936 32272
61937 32633
61938 32690
61939 32752
61940 32753
61941 32750
61942 32808
61943 33203
61944 33193
61945 33192
61946 33275
61947 33288
61948 33368
61949 33369
61950 34122
62113 34137
62114 34120
62115 34152
62116 34153
62117 34115
62118 34121
62119 34157
62120 34154
62121 34142
62122 34691
62123 34719
62124 34718
62125 34722
62126 34701
62127 34913
62128 35114
62129 35122
62130 35109
62131 35115
62132 35105
62133 35242
62134 35238
62135 35558
62136 35578
62137 35563
62138 35569
62139 35584
62140 35548
62141 35559
62142 35566
62143 35582
62144 35585
62145 35586
62146 35575
62147 35565
62148 35571
62149 35574
62150 35580
62151 35947
62152 35949
62153 35987
62154 36084
62155 36420
62156 36401
62157 36404
62158 36418
62159 36409
62160 36405
62161 36667
62162 36655
62163 36664
62164 36659
62165 36776
62166 36774
62167 36981
62168 36980
62169 36984
62170 36978
62171 36988
62172 36986
62173 37172
62174 37266
62175 37664
62176 37686
62177 37624
62178 37683
62179 37679
62180 37666
62181 37628
62182 37675
62183 37636
62184 37658
62185 37648
62186 37670
62187 37665
62188 37653
62189 37678
62190 37657
62191 38331
62192 38567
62193 38568
62194 38570
62195 38613
62196 38670
62197 38673
62198 38678
62199 38669
62200 38675
62201 38671
62202 38747
62203 38748
62204 38758
62205 38808
62206 38960
62369 38968
62370 38971
62371 38967
62372 38957
62373 38969
62374 38948
62375 39184
62376 39208
62377 39198
62378 39195
62379 39201
62380 39194
62381 39405
62382 39394
62383 39409
62384 39608
62385 39612
62386 39675
62387 39661
62388 39720
62389 39825
62390 40213
62391 40227
62392 40230
62393 40232
62394 40210
62395 40219
62396 40664
62397 40660
62398 40845
62399 40860
62400 20778
62401 20767
62402 20769
62403 20786
62404 21237
62405 22158
62406 22144
62407 22160
62408 22149
62409 22151
62410 22159
62411 22741
62412 22739
62413 22737
62414 22734
62415 23344
62416 23338
62417 23332
62418 23418
62419 23607
62420 23656
62421 23996
62422 23994
62423 23997
62424 23992
62425 24171
62426 24396
62427 24509
62428 25033
62429 25026
62430 25031
62431 25062
62432 25035
62433 25138
62434 25140
62435 25806
62436 25802
62437 25816
62438 25824
62439 25840
62440 25830
62441 25836
62442 25841
62443 25826
62444 25837
62445 25986
62446 25987
62447 26329
62448 26326
62449 27264
62450 27284
62451 27268
62452 27298
62453 27292
62454 27355
62455 27299
62456 27262
62457 27287
62458 27280
62459 27296
62460 27484
62461 27566
62462 27610
62625 27656
62626 28632
62627 28657
62628 28639
62629 28640
62630 28635
62631 28644
62632 28651
62633 28655
62634 28544
62635 28652
62636 28641
62637 28649
62638 28629
62639 28654
62640 28656
62641 29159
62642 29151
62643 29166
62644 29158
62645 29157
62646 29165
62647 29164
62648 29172
62649 29152
62650 29237
62651 29254
62652 29552
62653 29554
62654 29865
62655 29872
62656 29862
62657 29864
62658 30278
62659 30274
62660 30284
62661 30442
62662 30643
62663 30634
62664 30640
62665 30636
62666 30631
62667 30637
62668 30703
62669 30967
62670 30970
62671 30964
62672 30959
62673 30977
62674 31143
62675 31146
62676 31319
62677 31423
62678 31751
62679 31757
62680 31742
62681 31735
62682 31756
62683 31712
62684 31968
62685 31964
62686 31966
62687 31970
62688 31967
62689 31961
62690 31965
62691 32302
62692 32318
62693 32326
62694 32311
62695 32306
62696 32323
62697 32299
62698 32317
62699 32305
62700 32325
62701 32321
62702 32308
62703 32313
62704 32328
62705 32309
62706 32319
62707 32303
62708 32580
62709 32755
62710 32764
62711 32881
62712 32882
62713 32880
62714 32879
62715 32883
62716 33222
62717 33219
62718 33210
62881 33218
62882 33216
62883 33215
62884 33213
62885 33225
62886 33214
62887 33256
62888 33289
62889 33393
62890 34218
62891 34180
62892 34174
62893 34204
62894 34193
62895 34196
62896 34223
62897 34203
62898 34183
62899 34216
62900 34186
62901 34214
62902 34407
62903 34752
62904 34769
62905 34739
62906 34770
62907 34758
62908 34731
62909 34747
62910 34746
62911 34760
62912 34763
62913 35131
62914 35126
62915 35140
62916 35128
62917 35133
62918 35244
62919 35598
62920 35607
62921 35609
62922 35611
62923 35594
62924 35616
62925 35613
62926 35588
62927 35600
62928 35905
62929 35903
62930 35955
62931 36090
62932 36093
62933 36092
62934 36088
62935 36091
62936 36264
62937 36425
62938 36427
62939 36424
62940 36426
62941 36676
62942 36670
62943 36674
62944 36677
62945 36671
62946 36991
62947 36989
62948 36996
62949 36993
62950 36994
62951 36992
62952 37177
62953 37283
62954 37278
62955 37276
62956 37709
62957 37762
62958 37672
62959 37749
62960 37706
62961 37733
62962 37707
62963 37656
62964 37758
62965 37740
62966 37723
62967 37744
62968 37722
62969 37716
62970 38346
62971 38347
62972 38348
62973 38344
62974 38342
63137 38577
63138 38584
63139 38614
63140 38684
63141 38686
63142 38816
63143 38867
63144 38982
63145 39094
63146 39221
63147 39425
63148 39423
63149 39854
63150 39851
63151 39850
63152 39853
63153 40251
63154 40255
63155 40587
63156 40655
63157 40670
63158 40668
63159 40669
63160 40667
63161 40766
63162 40779
63163 21474
63164 22165
63165 22190
63166 22745
63167 22744
63168 23352
63169 24414
63170 25059
63171 25139
63172 25844
63173 25842
63174 25854
63175 25862
63176 25850
63177 25851
63178 25847
63179 26039
63180 26332
63181 26406
63182 27315
63183 27308
63184 27331
63185 27323
63186 27320
63187 27330
63188 27310
63189 27311
63190 27487
63191 27512
63192 27567
63193 28681
63194 28683
63195 28670
63196 28678
63197 28666
63198 28689
63199 28687
63200 29179
63201 29180
63202 29182
63203 29176
63204 29559
63205 29557
63206 29863
63207 29887
63208 29973
63209 30294
63210 30296
63211 30290
63212 30653
63213 30655
63214 30651
63215 30652
63216 30990
63217 31150
63218 31329
63219 31330
63220 31328
63221 31428
63222 31429
63223 31787
63224 31783
63225 31786
63226 31774
63227 31779
63228 31777
63229 31975
63230 32340
63393 32341
63394 32350
63395 32346
63396 32353
63397 32338
63398 32345
63399 32584
63400 32761
63401 32763
63402 32887
63403 32886
63404 33229
63405 33231
63406 33290
63407 34255
63408 34217
63409 34253
63410 34256
63411 34249
63412 34224
63413 34234
63414 34233
63415 34799
63416 34796
63417 34802
63418 34784
63419 35206
63420 35250
63421 35316
63422 35624
63423 35641
63424 35628
63425 35627
63426 35920
63427 36101
63428 36441
63429 36451
63430 36454
63431 36452
63432 36447
63433 36437
63434 36544
63435 36681
63436 36685
63437 36999
63438 36995
63439 37000
63440 37291
63441 37292
63442 37328
63443 37780
63444 37770
63445 37782
63446 37794
63447 37811
63448 37806
63449 37804
63450 37808
63451 37784
63452 37786
63453 37783
63454 38356
63455 38358
63456 38352
63457 38357
63458 38626
63459 38620
63460 38617
63461 38619
63462 38622
63463 38692
63464 38819
63465 38822
63466 38829
63467 38905
63468 38989
63469 38991
63470 38988
63471 38990
63472 38995
63473 39098
63474 39230
63475 39231
63476 39229
63477 39214
63478 39333
63479 39438
63480 39617
63481 39683
63482 39686
63483 39759
63484 39758
63485 39757
63486 39882
63649 39881
63650 39933
63651 39880
63652 39872
63653 40273
63654 40285
63655 40288
63656 40672
63657 40725
63658 40748
63659 20787
63660 22181
63661 22184
63662 22750
63663 22751
63664 22754
63665 23541
63666 40848
63667 24300
63668 25074
63669 25079
63670 25078
63671 25077
63672 25856
63673 25871
63674 26336
63675 26333
63676 27365
63677 27357
63678 27354
63679 27347
63680 28699
63681 28703
63682 28712
63683 28698
63684 28701
63685 28693
63686 28696
63687 29190
63688 29197
63689 29272
63690 29346
63691 29560
63692 29562
63693 29885
63694 29898
63695 29923
63696 30087
63697 30086
63698 30303
63699 30305
63700 30663
63701 31001
63702 31153
63703 31339
63704 31337
63705 31806
63706 31807
63707 31800
63708 31805
63709 31799
63710 31808
63711 32363
63712 32365
63713 32377
63714 32361
63715 32362
63716 32371
63717 32645
63718 32694
63719 32697
63720 32696
63721 33240
63722 34281
63723 34269
63724 34282
63725 34261
63726 34276
63727 34277
63728 34295
63729 34811
63730 34821
63731 34829
63732 34809
63733 34814
63734 35168
63735 35167
63736 35158
63737 35166
63738 35649
63739 35676
63740 35672
63741 35657
63742 35674
63905 35662
63906 35663
63907 35654
63908 35673
63909 36104
63910 36106
63911 36476
63912 36466
63913 36487
63914 36470
63915 36460
63916 36474
63917 36468
63918 36692
63919 36686
63920 36781
63921 37002
63922 37003
63923 37297
63924 37294
63925 37857
63926 37841
63927 37855
63928 37827
63929 37832
63930 37852
63931 37853
63932 37846
63933 37858
63934 37837
63935 37848
63936 37860
63937 37847
63938 37864
63939 38364
63940 38580
63941 38627
63942 38698
63943 38695
63944 38753
63945 38876
63946 38907
63947 39006
63948 39000
63949 39003
63950 39100
63951 39237
63952 39241
63953 39446
63954 39449
63955 39693
63956 39912
63957 39911
63958 39894
63959 39899
63960 40329
63961 40289
63962 40306
63963 40298
63964 40300
63965 40594
63966 40599
63967 40595
63968 40628
63969 21240
63970 22199
63971 22198
63972 22196
63973 22204
63974 22756
63975 23360
63976 23363
63977 23421
63978 23542
63979 24009
63980 25080
63981 25082
63982 25880
63983 25876
63984 25881
63985 26342
63986 26407
63987 27372
63988 28734
63989 28720
63990 28722
63991 29200
63992 29563
63993 29903
63994 30306
63995 30309
63996 31014
63997 31018
63998 31020
64161 31019
64162 31431
64163 31478
64164 31820
64165 31811
64166 31821
64167 31983
64168 31984
64169 36782
64170 32381
64171 32380
64172 32386
64173 32588
64174 32768
64175 33242
64176 33382
64177 34299
64178 34297
64179 34321
64180 34298
64181 34310
64182 34315
64183 34311
64184 34314
64185 34836
64186 34837
64187 35172
64188 35258
64189 35320
64190 35696
64191 35692
64192 35686
64193 35695
64194 35679
64195 35691
64196 36111
64197 36109
64198 36489
64199 36481
64200 36485
64201 36482
64202 37300
64203 37323
64204 37912
64205 37891
64206 37885
64207 38369
64208 38704
64209 39108
64210 39250
64211 39249
64212 39336
64213 39467
64214 39472
64215 39479
64216 39477
64217 39955
64218 39949
64219 40569
64220 40629
64221 40680
64222 40751
64223 40799
64224 40803
64225 40801
64226 20791
64227 20792
64228 22209
64229 22208
64230 22210
64231 22804
64232 23660
64233 24013
64234 25084
64235 25086
64236 25885
64237 25884
64238 26005
64239 26345
64240 27387
64241 27396
64242 27386
64243 27570
64244 28748
64245 29211
64246 29351
64247 29910
64248 29908
64249 30313
64250 30675
64251 31824
64252 32399
64253 32396
64254 32700
64417 34327
64418 34349
64419 34330
64420 34851
64421 34850
64422 34849
64423 34847
64424 35178
64425 35180
64426 35261
64427 35700
64428 35703
64429 35709
64430 36115
64431 36490
64432 36493
64433 36491
64434 36703
64435 36783
64436 37306
64437 37934
64438 37939
64439 37941
64440 37946
64441 37944
64442 37938
64443 37931
64444 38370
64445 38712
64446 38713
64447 38706
64448 38911
64449 39015
64450 39013
64451 39255
64452 39493
64453 39491
64454 39488
64455 39486
64456 39631
64457 39764
64458 39761
64459 39981
64460 39973
64461 40367
64462 40372
64463 40386
64464 40376
64465 40605
64466 40687
64467 40729
64468 40796
64469 40806
64470 40807
64471 20796
64472 20795
64473 22216
64474 22218
64475 22217
64476 23423
64477 24020
64478 24018
64479 24398
64480 25087
64481 25892
64482 27402
64483 27489
64484 28753
64485 28760
64486 29568
64487 29924
64488 30090
64489 30318
64490 30316
64491 31155
64492 31840
64493 31839
64494 32894
64495 32893
64496 33247
64497 35186
64498 35183
64499 35324
64500 35712
64501 36118
64502 36119
64503 36497
64504 36499
64505 36705
64506 37192
64507 37956
64508 37969
64509 37970
64510 38717
64673 38718
64674 38851
64675 38849
64676 39019
64677 39253
64678 39509
64679 39501
64680 39634
64681 39706
64682 40009
64683 39985
64684 39998
64685 39995
64686 40403
64687 40407
64688 40756
64689 40812
64690 40810
64691 40852
64692 22220
64693 24022
64694 25088
64695 25891
64696 25899
64697 25898
64698 26348
64699 27408
64700 29914
64701 31434
64702 31844
64703 31843
64704 31845
64705 32403
64706 32406
64707 32404
64708 33250
64709 34360
64710 34367
64711 34865
64712 35722
64713 37008
64714 37007
64715 37987
64716 37984
64717 37988
64718 38760
64719 39023
64720 39260
64721 39514
64722 39515
64723 39511
64724 39635
64725 39636
64726 39633
64727 40020
64728 40023
64729 40022
64730 40421
64731 40607
64732 40692
64733 22225
64734 22761
64735 25900
64736 28766
64737 30321
64738 30322
64739 30679
64740 32592
64741 32648
64742 34870
64743 34873
64744 34914
64745 35731
64746 35730
64747 35734
64748 33399
64749 36123
64750 37312
64751 37994
64752 38722
64753 38728
64754 38724
64755 38854
64756 39024
64757 39519
64758 39714
64759 39768
64760 40031
64761 40441
64762 40442
64763 40572
64764 40573
64765 40711
64766 40823
64929 40818
64930 24307
64931 27414
64932 28771
64933 31852
64934 31854
64935 34875
64936 35264
64937 36513
64938 37313
64939 38002
64940 38000
64941 39025
64942 39262
64943 39638
64944 39715
64945 40652
64946 28772
64947 30682
64948 35738
64949 38007
64950 38857
64951 39522
64952 39525
64953 32412
64954 35740
64955 36522
64956 37317
64957 38013
64958 38014
64959 38012
64960 40055
64961 40056
64962 40695
64963 35924
64964 38015
64965 40474
64966 29224
64967 39530
64968 39729
64969 40475
64970 40478
64971 31858
