# This file was auto-generated from "glibc-GREEK7_OLD-2.1.2.ucm"
# by "codepage-parser.pwn", (c) MPL 1.1, Alex "Y_Less" Cole, 2022.
#
# Lines with a single number denote bytes that are followed by a second byte to
# create a DCBS pair.
#
# Lines with two numbers are byte sequence to unicode equivalent.

# DBCS Lead Bytes

# Single Byte Codes
1 1
2 2
3 3
4 4
5 5
6 6
7 7
8 8
9 9
10 10
11 11
12 12
13 13
14 14
15 15
16 16
17 17
18 18
19 19
20 20
21 21
22 22
23 23
24 24
25 25
26 26
27 27
28 28
29 29
30 30
31 31
32 32
33 33
34 34
35 163
36 36
37 37
38 38
39 39
40 40
41 41
42 42
43 43
44 44
45 45
46 46
47 47
48 48
49 49
50 50
51 51
52 52
53 53
54 54
55 55
56 56
57 57
58 58
59 59
60 60
61 61
62 62
63 63
64 180
65 945
66 946
67 968
68 948
69 949
70 966
71 947
72 951
73 953
74 958
75 954
76 955
77 956
78 957
79 959
80 960
81 890
82 961
83 963
84 964
85 952
86 969
87 962
88 967
89 965
90 950
91 8143
92 8127
93 8142
94 126
95 95
96 96
97 913
98 914
99 936
100 916
101 917
102 934
103 915
104 919
105 921
106 926
107 922
108 923
109 924
110 925
111 927
112 928
114 929
115 931
116 932
117 920
118 937
119 183
120 935
121 933
122 918
123 8159
124 8190
125 8158
126 168
127 127

# Double Byte Codes
