# This file was auto-generated from "glibc-ANSI_X3.110-2.1.2.ucm"
# by "codepage-parser.pwn", (c) MPL 1.1, Alex "Y_Less" Cole, 2022.
#
# Lines with a single number denote bytes that are followed by a second byte to
# create a DCBS pair.
#
# Lines with two numbers are byte sequence to unicode equivalent.

# DBCS Lead Bytes
193
194
195
196
197
198
199
200
202
203
205
206
207

# Single Byte Codes
1 1
2 2
3 3
4 4
5 5
6 6
7 7
8 8
9 9
10 10
11 11
12 12
13 13
14 14
15 15
16 16
17 17
18 18
19 19
20 20
21 21
22 22
23 23
24 24
25 25
26 26
27 27
28 28
29 29
30 30
31 31
32 32
33 33
34 34
37 37
38 38
39 39
40 40
41 41
42 42
43 43
44 44
45 45
46 46
47 47
48 48
49 49
50 50
51 51
52 52
53 53
54 54
55 55
56 56
57 57
58 58
59 59
60 60
61 61
62 62
63 63
64 64
65 65
66 66
67 67
68 68
69 69
70 70
71 71
72 72
73 73
74 74
75 75
76 76
77 77
78 78
79 79
80 80
81 81
82 82
83 83
84 84
85 85
86 86
87 87
88 88
89 89
90 90
91 91
92 92
93 93
94 94
95 95
96 96
97 97
98 98
99 99
100 100
101 101
102 102
103 103
104 104
105 105
106 106
107 107
108 108
109 109
110 110
111 111
112 112
113 113
114 114
115 115
116 116
117 117
118 118
119 119
120 120
121 121
122 122
123 123
124 124
125 125
126 126
127 127
128 128
129 129
130 130
131 131
132 132
133 133
134 134
135 135
136 136
137 137
138 138
139 139
140 140
141 141
142 142
143 143
144 144
145 145
146 146
147 147
148 148
149 149
150 150
151 151
152 152
153 153
154 154
155 155
156 156
157 157
158 158
159 159
161 161
162 162
163 163
164 36
165 165
166 35
167 167
168 164
169 8216
170 8220
171 171
172 8592
173 8593
174 8594
175 8595
176 176
177 177
178 178
179 179
180 215
181 181
182 182
183 183
184 247
185 8217
186 8221
187 187
188 188
189 189
190 190
191 191
208 8212
209 185
210 174
211 169
213 9834
214 9472
215 9474
216 9585
217 9586
218 9698
219 9699
220 8539
221 8540
222 8541
223 8542
225 198
226 208
227 170
228 294
229 9532
230 306
231 319
232 321
233 216
234 338
235 186
236 222
237 358
238 330
239 329
240 312
241 230
242 273
243 240
244 295
245 305
246 307
247 320
248 322
249 248
250 339
251 223
252 254
253 359
254 331

# Double Byte Codes
49473 192
49477 200
49481 204
49487 210
49493 217
49505 224
49509 232
49513 236
49519 242
49525 249
49696 180
49729 193
49731 262
49733 201
49737 205
49740 313
49742 323
49743 211
49746 340
49747 346
49749 218
49753 221
49754 377
49761 225
49763 263
49765 233
49772 314
49774 324
49775 243
49778 341
49779 347
49781 250
49785 253
49786 378
49985 194
49987 264
49989 202
49991 284
49992 292
49993 206
49994 308
49999 212
50003 348
50005 219
50007 372
50009 374
50017 226
50019 265
50021 234
50023 285
50024 293
50025 238
50026 309
50031 244
50035 349
50037 251
50039 373
50041 375
50241 195
50249 296
50254 209
50255 213
50261 360
50273 227
50281 297
50286 241
50287 245
50293 361
50464 175
50497 256
50501 274
50505 298
50511 332
50517 362
50529 257
50533 275
50537 299
50543 333
50549 363
50720 728
50753 258
50759 286
50773 364
50785 259
50791 287
50805 365
50976 729
51011 266
51013 278
51015 288
51017 304
51034 379
51043 267
51045 279
51047 289
51066 380
51232 168
51265 196
51269 203
51273 207
51279 214
51285 220
51289 376
51297 228
51301 235
51305 239
51311 246
51317 252
51321 255
51744 730
51777 197
51797 366
51809 229
51829 367
52000 184
52035 199
52039 290
52043 310
52044 315
52046 325
52050 342
52051 350
52052 354
52067 231
52071 291
52075 311
52076 316
52078 326
52082 343
52083 351
52084 355
52512 733
52559 336
52565 368
52591 337
52597 369
52768 731
52801 260
52805 280
52809 302
52821 370
52833 261
52837 281
52841 303
52853 371
53024 711
53059 268
53060 270
53061 282
53068 317
53070 327
53074 344
53075 352
53076 356
53082 381
53091 269
53092 271
53093 283
53100 318
53102 328
53106 345
53107 353
53108 357
53114 382
