# This file was auto-generated from "glibc-HP_ROMAN8-2.1.2.ucm"
# by "codepage-parser.pwn", (c) MPL 1.1, Alex "Y_Less" Cole, 2022.
#
# Lines with a single number denote bytes that are followed by a second byte to
# create a DCBS pair.
#
# Lines with two numbers are byte sequence to unicode equivalent.

# DBCS Lead Bytes

# Single Byte Codes
1 1
2 2
3 3
4 4
5 5
6 6
7 7
8 8
9 9
10 10
11 11
12 12
13 13
14 14
15 15
16 16
17 17
18 18
19 19
20 20
21 21
22 22
23 23
24 24
25 25
26 26
27 27
28 28
29 29
30 30
31 31
32 32
33 33
34 34
35 35
36 36
37 37
38 38
39 39
40 40
41 41
42 42
43 43
44 44
45 45
46 46
47 47
48 48
49 49
50 50
51 51
52 52
53 53
54 54
55 55
56 56
57 57
58 58
59 59
60 60
61 61
62 62
63 63
64 64
65 65
66 66
67 67
68 68
69 69
70 70
71 71
72 72
73 73
74 74
75 75
76 76
77 77
78 78
79 79
80 80
81 81
82 82
83 83
84 84
85 85
86 86
87 87
88 88
89 89
90 90
91 91
92 92
93 93
94 94
95 95
96 96
97 97
98 98
99 99
100 100
101 101
102 102
103 103
104 104
105 105
106 106
107 107
108 108
109 109
110 110
111 111
112 112
113 113
114 114
115 115
116 116
117 117
118 118
119 119
120 120
121 121
122 122
123 123
124 124
125 125
126 126
127 127
128 128
129 129
130 130
131 131
132 132
133 133
134 134
135 135
136 136
137 137
138 138
139 139
140 140
141 141
142 142
143 143
144 144
145 145
146 146
147 147
148 148
149 149
150 150
151 151
152 152
153 153
154 154
155 155
156 156
157 157
158 158
159 159
160 160
161 192
162 194
163 200
164 202
165 203
166 206
167 207
168 180
169 715
170 710
171 168
172 732
173 217
174 219
175 8356
176 175
177 221
178 253
179 176
180 199
181 231
182 209
183 241
184 161
185 191
186 164
187 163
188 165
189 167
190 402
191 162
192 226
193 234
194 244
195 251
196 225
197 233
198 243
199 250
200 224
201 232
202 242
203 249
204 228
205 235
206 246
207 252
208 197
209 238
210 216
211 198
212 229
213 237
214 248
215 230
216 196
217 236
218 214
219 220
220 201
221 239
222 223
223 212
224 193
225 195
226 227
227 208
228 240
229 205
230 204
231 211
232 210
233 213
234 245
235 352
236 353
237 218
238 376
239 255
240 222
241 254
242 183
243 181
244 182
245 190
246 8212
247 188
248 189
249 170
250 186
251 171
252 9632
253 187
254 177

# Double Byte Codes
