# This file was auto-generated from "glibc-IBM868-2.1.2.ucm"
# by "codepage-parser.pwn", (c) MPL 1.1, Alex "Y_Less" Cole, 2022.
#
# Lines with a single number denote bytes that are followed by a second byte to
# create a DCBS pair.
#
# Lines with two numbers are byte sequence to unicode equivalent.

# DBCS Lead Bytes

# Single Byte Codes
1 1
2 2
3 3
4 4
5 5
6 6
7 7
8 8
9 9
10 10
11 11
12 12
13 13
14 14
15 15
16 16
17 17
18 18
19 19
20 20
21 21
22 22
23 23
24 24
25 25
26 26
27 27
28 28
29 29
30 30
31 31
32 32
33 33
34 34
35 35
36 36
37 37
38 38
39 39
40 40
41 41
42 42
43 43
44 44
45 45
46 46
47 47
48 48
49 49
50 50
51 51
52 52
53 53
54 54
55 55
56 56
57 57
58 58
59 59
60 60
61 61
62 62
63 63
64 64
65 65
66 66
67 67
68 68
69 69
70 70
71 71
72 72
73 73
74 74
75 75
76 76
77 77
78 78
79 79
80 80
81 81
82 82
83 83
84 84
85 85
86 86
87 87
88 88
89 89
90 90
91 91
92 92
93 93
94 94
95 95
96 96
97 97
98 98
99 99
100 100
101 101
102 102
103 103
104 104
105 105
106 106
107 107
108 108
109 109
110 110
111 111
112 112
113 113
114 114
115 115
116 116
117 117
118 118
119 119
120 120
121 121
122 122
123 123
124 124
125 125
126 126
127 127
128 1632
129 1633
130 1634
131 1635
132 1636
133 1637
134 1638
135 1639
136 1640
137 1641
138 1548
139 1563
140 1567
141 1570
142 1575
143 65166
144 57366
145 1576
146 65169
147 1662
149 1577
150 1578
151 65175
154 1579
155 65179
156 1580
157 65183
160 1581
161 65187
162 1582
163 65191
164 1583
166 1584
167 1585
169 1586
171 1587
172 65203
173 1588
174 171
175 187
176 65207
177 1589
178 9617
179 9618
180 9619
181 9474
182 9508
183 65211
184 1590
185 65215
186 1591
187 9571
188 9553
189 9559
190 9565
191 1592
192 1593
193 9488
194 9492
195 9524
196 9516
197 9500
198 9472
199 9532
200 65226
201 65227
202 9562
203 9556
204 9577
205 9574
206 9568
207 9552
208 9580
209 65228
210 1594
211 65230
212 65231
213 65232
214 1601
215 65235
216 1602
217 65239
218 65242
219 9496
220 9484
221 9608
222 9600
223 65243
225 9604
227 1604
228 65246
229 65248
230 1605
231 65251
233 1606
234 65255
236 1608
241 1569
242 173
251 1617
252 65149
254 9632
255 160

# Double Byte Codes
