# This file was auto-generated from "glibc-IBM1162-2.3.3.ucm"
# by "codepage-parser.pwn", (c) MPL 1.1, Alex "Y_Less" Cole, 2022.
#
# Lines with a single number denote bytes that are followed by a second byte to
# create a DCBS pair.
#
# Lines with two numbers are byte sequence to unicode equivalent.

# DBCS Lead Bytes

# Single Byte Codes
1 1
2 2
3 3
4 4
5 5
6 6
7 7
8 8
9 9
10 10
11 11
12 12
13 13
14 14
15 15
16 16
17 17
18 18
19 19
20 20
21 21
22 22
23 23
24 24
25 25
26 26
27 27
28 28
29 29
30 30
31 31
32 32
33 33
34 34
35 35
36 36
37 37
38 38
39 39
40 40
41 41
42 42
43 43
44 44
45 45
46 46
47 47
48 48
49 49
50 50
51 51
52 52
53 53
54 54
55 55
56 56
57 57
58 58
59 59
60 60
61 61
62 62
63 63
64 64
65 65
66 66
67 67
68 68
69 69
70 70
71 71
72 72
73 73
74 74
75 75
76 76
77 77
78 78
79 79
80 80
81 81
82 82
83 83
84 84
85 85
86 86
87 87
88 88
89 89
90 90
91 91
92 92
93 93
94 94
95 95
96 96
97 97
98 98
99 99
100 100
101 101
102 102
103 103
104 104
105 105
106 106
107 107
108 108
109 109
110 110
111 111
112 112
113 113
114 114
115 115
116 116
117 117
118 118
119 119
120 120
121 121
122 122
123 123
124 124
125 125
126 126
127 127
128 8364
129 129
130 130
131 131
132 132
133 8230
134 134
135 135
136 136
137 137
138 138
139 139
140 140
141 141
142 142
143 143
144 144
145 8216
146 8217
147 8220
148 8221
149 8226
150 8211
151 8212
152 152
153 153
154 154
155 155
156 156
157 157
158 158
159 159
160 160
161 3585
162 3586
163 3587
164 3588
165 3589
166 3590
167 3591
168 3592
169 3593
170 3594
171 3595
172 3596
173 3597
174 3598
175 3599
176 3600
177 3601
178 3602
179 3603
180 3604
181 3605
182 3606
183 3607
184 3608
185 3609
186 3610
187 3611
188 3612
189 3613
190 3614
191 3615
192 3616
193 3617
194 3618
195 3619
196 3620
197 3621
198 3622
199 3623
200 3624
201 3625
202 3626
203 3627
204 3628
205 3629
206 3630
207 3631
208 3632
209 3633
210 3634
211 3635
212 3636
213 3637
214 3638
215 3639
216 3640
217 3641
218 3642
223 3647
224 3648
225 3649
226 3650
227 3651
228 3652
229 3653
230 3654
231 3655
232 3656
233 3657
234 3658
235 3659
236 3660
237 3661
238 3662
239 3663
240 3664
241 3665
242 3666
243 3667
244 3668
245 3669
246 3670
247 3671
248 3672
249 3673
250 3674
251 3675

# Double Byte Codes
