# This file was auto-generated from "glibc-GREEK7-2.1.2.ucm"
# by "codepage-parser.pwn", (c) MPL 1.1, Alex "Y_Less" Cole, 2022.
#
# Lines with a single number denote bytes that are followed by a second byte to
# create a DCBS pair.
#
# Lines with two numbers are byte sequence to unicode equivalent.

# DBCS Lead Bytes

# Single Byte Codes
1 1
2 2
3 3
4 4
5 5
6 6
7 7
8 8
9 9
10 10
11 11
12 12
13 13
14 14
15 15
16 16
17 17
18 18
19 19
20 20
21 21
22 22
23 23
24 24
25 25
26 26
27 27
28 28
29 29
30 30
31 31
32 32
33 33
34 34
35 35
36 164
37 37
38 38
39 39
40 40
41 41
42 42
43 43
44 44
45 45
46 46
47 47
48 48
49 49
50 50
51 51
52 52
53 53
54 54
55 55
56 56
57 57
58 58
59 59
60 60
61 61
62 62
63 63
64 64
65 913
66 914
67 915
68 916
69 917
70 918
71 919
72 920
73 921
75 922
76 923
77 924
78 925
79 926
80 927
81 928
82 929
83 931
84 932
85 933
86 934
88 935
89 936
90 937
91 91
92 92
93 93
94 94
95 95
96 96
97 945
98 946
99 947
100 948
101 949
102 950
103 951
104 952
105 953
107 954
108 955
109 956
110 957
111 958
112 959
113 960
114 961
115 963
116 964
117 965
118 966
119 962
120 967
121 968
122 969
123 123
124 124
125 125
126 8254
127 127

# Double Byte Codes
