# This file was auto-generated from "glibc-IBM290-2.1.2.ucm"
# by "codepage-parser.pwn", (c) MPL 1.1, Alex "Y_Less" Cole, 2022.
#
# Lines with a single number denote bytes that are followed by a second byte to
# create a DCBS pair.
#
# Lines with two numbers are byte sequence to unicode equivalent.

# DBCS Lead Bytes

# Single Byte Codes
1 1
2 2
3 3
4 156
5 9
6 134
7 127
8 151
9 141
10 142
11 11
12 12
13 13
14 14
15 15
16 16
17 17
18 18
19 19
20 157
21 133
22 8
23 135
24 24
25 25
26 146
27 143
28 28
29 29
30 30
31 31
32 128
33 129
34 130
35 131
36 132
37 10
38 23
39 27
40 136
41 137
42 138
43 139
44 140
45 5
46 6
47 7
48 144
49 145
50 22
51 147
52 148
53 149
54 150
55 4
56 152
57 153
58 154
59 155
60 20
61 21
62 158
63 26
64 32
65 12290
66 12300
67 12301
68 12289
69 12539
70 12530
71 12449
72 12451
73 12453
74 163
75 46
76 60
77 40
78 43
79 124
80 38
81 12455
82 12457
83 12515
84 12517
85 12519
86 12483
88 12540
90 33
91 165
92 42
93 41
94 59
95 172
96 45
97 47
106 166
107 44
108 37
109 95
110 62
111 63
121 96
122 58
123 35
124 64
125 39
126 61
127 34
129 12450
130 12452
131 12454
132 12456
133 12458
134 12459
135 12461
136 12463
137 12465
138 12467
140 12469
141 12471
142 12473
143 12475
144 12477
145 12479
146 12481
147 12484
148 12486
149 12488
150 12490
151 12491
152 12492
153 12493
154 12494
157 12495
158 12498
159 12501
161 8254
162 12504
163 12507
164 12510
165 12511
166 12512
167 12513
168 12514
169 12516
170 12518
172 12520
173 12521
174 12522
175 12523
186 12524
187 12525
188 12527
189 12531
190 12443
191 12444
193 65
194 66
195 67
196 68
197 69
198 70
199 71
200 72
201 73
209 74
210 75
211 76
212 77
213 78
214 79
215 80
216 81
217 82
224 36
226 83
227 84
228 85
229 86
230 87
231 88
232 89
233 90
240 48
241 49
242 50
243 51
244 52
245 53
246 54
247 55
248 56
249 57
255 159

# Double Byte Codes
