# This file was auto-generated from "glibc-MACINTOSH-2.3.3.ucm"
# by "codepage-parser.pwn", (c) MPL 1.1, Alex "Y_Less" Cole, 2022.
#
# Lines with a single number denote bytes that are followed by a second byte to
# create a DCBS pair.
#
# Lines with two numbers are byte sequence to unicode equivalent.

# DBCS Lead Bytes

# Single Byte Codes
1 1
2 2
3 3
4 4
5 5
6 6
7 7
8 8
9 9
10 10
11 11
12 12
13 13
14 14
15 15
16 16
17 17
18 18
19 19
20 20
21 21
22 22
23 23
24 24
25 25
26 26
27 27
28 28
29 29
30 30
31 31
32 32
33 33
34 34
35 35
36 36
37 37
38 38
39 39
40 40
41 41
42 42
43 43
44 44
45 45
46 46
47 47
48 48
49 49
50 50
51 51
52 52
53 53
54 54
55 55
56 56
57 57
58 58
59 59
60 60
61 61
62 62
63 63
64 64
65 65
66 66
67 67
68 68
69 69
70 70
71 71
72 72
73 73
74 74
75 75
76 76
77 77
78 78
79 79
80 80
81 81
82 82
83 83
84 84
85 85
86 86
87 87
88 88
89 89
90 90
91 91
92 92
93 93
94 94
95 95
96 96
97 97
98 98
99 99
100 100
101 101
102 102
103 103
104 104
105 105
106 106
107 107
108 108
109 109
110 110
111 111
112 112
113 113
114 114
115 115
116 116
117 117
118 118
119 119
120 120
121 121
122 122
123 123
124 124
125 125
126 126
127 127
128 196
129 197
130 199
131 201
132 209
133 214
134 220
135 225
136 224
137 226
138 228
139 227
140 229
141 231
142 233
143 232
144 234
145 235
146 237
147 236
148 238
149 239
150 241
151 243
152 242
153 244
154 246
155 245
156 250
157 249
158 251
159 252
160 8224
161 176
162 162
163 163
164 167
165 8226
166 182
167 223
168 174
169 169
170 8482
171 180
172 168
173 8800
174 198
175 216
176 8734
177 177
178 8804
179 8805
180 165
181 181
182 8706
183 8721
184 8719
185 960
186 8747
187 170
188 186
189 937
190 230
191 248
192 191
193 161
194 172
195 8730
196 402
197 8776
198 916
199 171
200 187
201 8230
202 160
203 192
204 195
205 213
206 338
207 339
208 8211
209 8212
210 8220
211 8221
212 8216
213 8217
214 247
215 9674
216 255
217 376
218 8260
219 8364
220 8249
221 8250
222 64257
223 64258
224 8225
225 183
226 8218
227 8222
228 8240
229 194
230 202
231 193
232 203
233 200
234 205
235 206
236 207
237 204
238 211
239 212
240 57374
241 210
242 218
243 219
244 217
245 305
246 710
247 732
248 175
249 728
250 729
251 730
252 184
253 733
254 731
255 711

# Double Byte Codes
