# This file was auto-generated from "glibc-IBM423-2.1.2.ucm"
# by "codepage-parser.pwn", (c) MPL 1.1, Alex "Y_Less" Cole, 2022.
#
# Lines with a single number denote bytes that are followed by a second byte to
# create a DCBS pair.
#
# Lines with two numbers are byte sequence to unicode equivalent.

# DBCS Lead Bytes

# Single Byte Codes
1 1
2 2
3 3
4 156
5 9
6 134
7 127
8 151
9 141
10 142
11 11
12 12
13 13
14 14
15 15
16 16
17 17
18 18
19 19
20 157
21 133
22 8
23 135
24 24
25 25
26 146
27 143
28 28
29 29
30 30
31 31
32 128
33 129
34 130
35 131
36 132
37 10
38 23
39 27
40 136
41 137
42 138
43 139
44 140
45 5
46 6
47 7
48 144
49 145
50 22
51 147
52 148
53 149
54 150
55 4
56 152
57 153
58 154
59 155
60 20
61 21
62 158
63 26
64 32
65 913
66 914
67 915
68 916
69 917
70 918
71 919
72 920
73 921
74 91
75 46
76 60
77 40
78 43
79 33
80 38
81 922
82 923
83 924
84 925
85 926
86 927
87 928
88 929
89 931
90 93
91 36
92 42
93 41
94 59
95 94
96 45
97 47
98 932
99 933
100 934
101 935
102 936
103 937
107 44
108 37
109 95
110 62
111 63
113 902
114 904
115 905
117 906
118 908
119 910
120 911
121 96
122 58
123 163
124 167
125 39
126 61
127 34
128 196
129 97
130 98
131 99
132 100
133 101
134 102
135 103
136 104
137 105
138 945
139 946
140 947
141 948
142 949
143 950
144 214
145 106
146 107
147 108
148 109
149 110
150 111
151 112
152 113
153 114
154 951
155 952
156 953
157 954
158 955
159 956
160 220
161 168
162 115
163 116
164 117
165 118
166 119
167 120
168 121
169 122
170 957
171 958
172 959
173 960
174 961
175 962
177 940
178 941
179 942
180 970
181 943
182 972
183 973
184 971
185 974
186 963
187 964
188 965
189 966
190 967
191 968
192 184
193 65
194 66
195 67
196 68
197 69
198 70
199 71
200 72
201 73
203 969
204 194
205 224
206 228
207 234
208 180
209 74
210 75
211 76
212 77
213 78
214 79
215 80
216 81
217 82
218 177
219 233
220 232
221 235
222 238
223 239
224 176
226 83
227 84
228 85
229 86
230 87
231 88
232 89
233 90
234 189
235 246
236 244
237 251
238 249
239 252
240 48
241 49
242 50
243 51
244 52
245 53
246 54
247 55
248 56
249 57
250 255
251 231
252 199
255 159

# Double Byte Codes
