# This file was auto-generated from "glibc-IBM1132-2.3.3.ucm"
# by "codepage-parser.pwn", (c) MPL 1.1, Alex "Y_Less" Cole, 2022.
#
# Lines with a single number denote bytes that are followed by a second byte to
# create a DCBS pair.
#
# Lines with two numbers are byte sequence to unicode equivalent.

# DBCS Lead Bytes

# Single Byte Codes
1 1
2 2
3 3
4 156
5 9
6 134
7 127
8 151
9 141
10 142
11 11
12 12
13 13
14 14
15 15
16 16
17 17
18 18
19 19
20 157
21 133
22 8
23 135
24 24
25 25
26 146
27 143
28 28
29 29
30 30
31 31
32 128
33 129
34 130
35 131
36 132
37 10
38 23
39 27
40 136
41 137
42 138
43 139
44 140
45 5
46 6
47 7
48 144
49 145
50 22
51 147
52 148
53 149
54 150
55 4
56 152
57 153
58 154
59 155
60 20
61 21
62 158
63 26
64 32
65 160
66 3713
67 3714
68 3716
69 3719
70 3720
71 3754
72 3722
73 91
74 162
75 46
76 60
77 40
78 43
79 124
80 38
82 3725
83 3732
84 3733
85 3734
86 3735
87 3737
88 3738
89 93
90 33
91 36
92 42
93 41
94 59
95 172
96 45
97 47
98 3739
99 3740
100 3741
101 3742
102 3743
103 3745
104 3746
105 94
106 166
107 44
108 37
109 95
110 62
111 63
114 3747
115 3749
116 3751
117 3755
118 3757
119 3758
121 96
122 58
123 35
124 64
125 39
126 61
127 34
129 97
130 98
131 99
132 100
133 101
134 102
135 103
136 104
137 105
140 3759
141 3760
142 3762
143 3763
145 106
146 107
147 108
148 109
149 110
150 111
151 112
152 113
153 114
154 3764
155 3765
156 3766
157 3767
158 3768
159 3769
161 126
162 115
163 116
164 117
165 118
166 119
167 120
168 121
169 122
170 3772
171 3761
172 3771
173 3773
176 3792
177 3793
178 3794
179 3795
180 3796
181 3797
182 3798
183 3799
184 3800
185 3801
187 3776
188 3777
189 3778
190 3779
191 3780
192 123
193 65
194 66
195 67
196 68
197 69
198 70
199 71
200 72
201 73
203 3784
204 3785
205 3786
206 3787
207 3788
208 125
209 74
210 75
211 76
212 77
213 78
214 79
215 80
216 81
217 82
218 3789
219 3782
221 3804
222 3805
224 92
226 83
227 84
228 85
229 86
230 87
231 88
232 89
233 90
240 48
241 49
242 50
243 51
244 52
245 53
246 54
247 55
248 56
249 57
255 159

# Double Byte Codes
