# This file was auto-generated from "glibc-ASMO_449-2.1.2.ucm"
# by "codepage-parser.pwn", (c) MPL 1.1, Alex "Y_Less" Cole, 2022.
#
# Lines with a single number denote bytes that are followed by a second byte to
# create a DCBS pair.
#
# Lines with two numbers are byte sequence to unicode equivalent.

# DBCS Lead Bytes

# Single Byte Codes
1 1
2 2
3 3
4 4
5 5
6 6
7 7
8 8
9 9
10 10
11 11
12 12
13 13
14 14
15 15
16 16
17 17
18 18
19 19
20 20
21 21
22 22
23 23
24 24
25 25
26 26
27 27
28 28
29 29
30 30
31 31
32 32
33 33
34 34
35 35
36 164
37 37
38 38
39 39
40 40
41 41
42 42
43 43
44 1548
45 45
46 46
47 47
48 48
49 49
50 50
51 51
52 52
53 53
54 54
55 55
56 56
57 57
58 58
59 1563
60 60
61 61
62 62
63 1567
64 64
65 1569
66 1570
67 1571
68 1572
69 1573
70 1574
71 1575
72 1576
73 1577
74 1578
75 1579
76 1580
77 1581
78 1582
79 1583
80 1584
81 1585
82 1586
83 1587
84 1588
85 1589
86 1590
87 1591
88 1592
89 1593
90 1594
91 91
92 92
93 93
94 94
95 95
96 1600
97 1601
98 1602
99 1603
100 1604
101 1605
102 1606
103 1607
104 1608
105 1609
106 1610
107 1611
108 1612
109 1613
110 1614
111 1615
112 1616
113 1617
114 1618
123 123
124 124
125 125
126 8254
127 127

# Double Byte Codes
