# This file was auto-generated from "glibc-INIS_CYRILLIC-2.1.2.ucm"
# by "codepage-parser.pwn", (c) MPL 1.1, Alex "Y_Less" Cole, 2022.
#
# Lines with a single number denote bytes that are followed by a second byte to
# create a DCBS pair.
#
# Lines with two numbers are byte sequence to unicode equivalent.

# DBCS Lead Bytes

# Single Byte Codes
1 1
2 2
3 3
4 4
5 5
6 6
7 7
8 8
9 9
10 10
11 11
12 12
13 13
14 14
15 15
16 16
17 17
18 18
19 19
20 20
21 21
22 22
23 23
24 24
25 25
26 26
27 27
28 28
29 29
30 30
31 31
32 32
44 8730
46 8594
47 8747
48 945
49 946
50 947
51 948
52 931
53 956
54 957
55 969
56 960
57 926
58 916
59 923
60 937
61 1066
62 8315
63 8314
64 1102
65 1072
66 1073
67 1094
68 1076
69 1077
70 1092
71 1075
72 1093
73 1080
74 1081
75 1082
76 1083
77 1084
78 1085
79 1086
80 1087
81 1103
82 1088
83 1089
84 1090
85 1091
86 1078
87 1074
88 1100
89 1099
90 1079
91 1096
92 1101
93 1097
94 1095
95 1098
96 1070
97 1040
98 1041
99 1062
100 1044
101 1045
102 1060
103 1043
104 1061
105 1048
106 1049
107 1050
108 1051
109 1052
110 1053
111 1054
112 1055
113 1071
114 1056
115 1057
116 1058
117 1059
118 1046
119 1042
120 1068
121 1067
122 1047
123 1064
124 1069
125 1065
126 1063
127 127

# Double Byte Codes
