# This file was auto-generated from "glibc-ISO_5428-2.1.2.ucm"
# by "codepage-parser.pwn", (c) MPL 1.1, Alex "Y_Less" Cole, 2022.
#
# Lines with a single number denote bytes that are followed by a second byte to
# create a DCBS pair.
#
# Lines with two numbers are byte sequence to unicode equivalent.

# DBCS Lead Bytes

# Single Byte Codes
1 1
2 2
3 3
4 4
5 5
6 6
7 7
8 8
9 9
10 10
11 11
12 12
13 13
14 14
15 15
16 16
17 17
18 18
19 19
20 20
21 21
22 22
23 23
24 24
25 25
26 26
27 27
28 28
29 29
30 30
31 31
32 32
33 57346
34 57347
35 57353
36 57349
37 57362
38 57363
39 57364
48 171
49 187
50 8221
51 8220
52 884
53 885
59 183
63 59
65 913
66 914
68 915
69 916
70 917
71 986
72 988
73 918
74 919
75 920
76 921
77 922
78 923
79 924
80 925
81 926
82 927
83 928
84 990
85 929
86 931
88 932
89 933
90 934
91 935
92 936
93 937
94 992
97 945
98 946
99 976
100 947
101 948
102 949
103 57370
104 57371
105 950
106 951
107 952
108 953
109 954
110 955
111 956
112 957
113 958
114 959
115 960
116 57372
117 961
118 963
119 962
120 964
121 965
122 966
123 967
124 968
125 969
126 57373
127 127

# Double Byte Codes
