# This file was auto-generated from "glibc-EBCDIC_IS_FRISS-2.1.2.ucm"
# by "codepage-parser.pwn", (c) MPL 1.1, Alex "Y_Less" Cole, 2022.
#
# Lines with a single number denote bytes that are followed by a second byte to
# create a DCBS pair.
#
# Lines with two numbers are byte sequence to unicode equivalent.

# DBCS Lead Bytes

# Single Byte Codes
1 1
2 2
3 3
4 4
5 5
6 6
7 7
8 8
9 9
10 10
11 11
12 12
13 13
14 14
15 15
16 16
17 17
18 18
19 19
20 20
21 21
22 22
23 23
24 24
25 25
26 26
27 27
28 28
29 29
30 30
31 31
64 32
69 225
74 60
75 46
76 193
77 40
78 43
79 33
80 208
81 233
85 237
89 36
90 37
91 201
92 42
93 41
94 59
95 38
96 45
97 47
105 35
106 8216
107 44
108 222
109 95
110 62
111 63
117 205
120 124
121 240
122 58
123 198
124 214
125 39
126 61
127 34
129 97
130 98
131 99
132 100
133 101
134 102
135 103
136 104
137 105
141 221
145 106
146 107
147 108
148 109
149 110
150 111
151 112
152 113
153 114
160 176
161 246
162 115
163 116
164 117
165 118
166 119
167 120
168 121
169 122
172 91
173 253
188 93
189 168
192 254
193 65
194 66
195 67
196 68
197 69
198 70
199 71
200 72
201 73
206 243
208 230
209 74
210 75
211 76
212 77
213 78
214 79
215 80
216 81
217 82
222 250
224 180
226 83
227 84
228 85
229 86
230 87
231 88
232 89
233 90
238 211
240 48
241 49
242 50
243 51
244 52
245 53
246 54
247 55
248 56
249 57
254 218
255 127

# Double Byte Codes
