# This file was auto-generated from "glibc-IBM918-2.1.2.ucm"
# by "codepage-parser.pwn", (c) MPL 1.1, Alex "Y_Less" Cole, 2022.
#
# Lines with a single number denote bytes that are followed by a second byte to
# create a DCBS pair.
#
# Lines with two numbers are byte sequence to unicode equivalent.

# DBCS Lead Bytes

# Single Byte Codes
1 1
2 2
3 3
4 156
5 9
6 134
7 127
8 151
9 141
10 142
11 11
12 12
13 13
14 14
15 15
16 16
17 17
18 18
19 19
20 157
21 133
22 8
23 135
24 24
25 25
26 146
27 143
28 28
29 29
30 30
31 31
32 128
33 129
34 130
35 131
36 132
37 10
38 23
39 27
40 136
41 137
42 138
43 139
44 140
45 5
46 6
47 7
48 144
49 145
50 22
51 147
52 148
53 149
54 150
55 4
56 152
57 153
58 154
59 155
60 20
61 21
62 158
63 26
64 32
65 160
66 1548
67 1563
68 1567
69 1571
70 1575
71 65166
73 1576
74 91
75 46
76 60
77 40
78 43
79 33
80 38
81 65169
82 1662
84 1577
85 1578
86 65175
89 1579
90 93
91 36
92 42
93 41
94 59
95 94
96 45
97 47
98 65179
99 1580
100 65183
103 1581
104 65187
105 1582
106 96
107 44
108 37
109 95
110 62
111 63
112 1632
113 1633
114 1634
115 1635
116 1636
117 1637
118 1638
119 1639
120 1640
121 1641
122 58
123 35
124 64
125 39
126 61
127 34
128 65191
129 97
130 98
131 99
132 100
133 101
134 102
135 103
136 104
137 105
138 1583
140 1584
141 1585
143 1586
145 106
146 107
147 108
148 109
149 110
150 111
151 112
152 113
153 114
154 1587
155 65203
156 1588
157 65207
158 1589
159 65211
160 1590
161 126
162 115
163 116
164 117
165 118
166 119
167 120
168 121
169 122
170 65215
171 1591
172 1592
173 1593
174 65226
175 65227
176 65228
177 1594
178 65230
179 65231
180 65232
181 1601
182 65235
183 1602
184 65239
185 1603
186 65243
187 124
190 1604
191 65246
192 123
193 65
194 66
195 67
196 68
197 69
198 70
199 71
200 72
201 73
202 173
204 1605
205 65251
207 1606
208 125
209 74
210 75
211 76
212 77
213 78
214 79
215 80
216 81
217 82
218 65255
220 1608
224 92
226 83
227 84
228 85
229 86
230 87
231 88
232 89
233 90
234 1569
240 48
241 49
242 50
243 51
244 52
245 53
246 54
247 55
248 56
249 57
253 1617
254 65149
255 159

# Double Byte Codes
