# This file was auto-generated from "glibc-ISIRI_3342-2.3.3.ucm"
# by "codepage-parser.pwn", (c) MPL 1.1, Alex "Y_Less" Cole, 2022.
#
# Lines with a single number denote bytes that are followed by a second byte to
# create a DCBS pair.
#
# Lines with two numbers are byte sequence to unicode equivalent.

# DBCS Lead Bytes

# Single Byte Codes
1 1
2 2
3 3
4 4
5 5
6 6
7 7
8 8
9 9
10 10
11 11
12 12
13 13
14 14
15 15
16 16
17 17
18 18
19 19
20 20
21 21
22 22
23 23
24 24
25 25
26 26
27 27
28 28
29 29
30 30
31 31
32 32
33 33
34 34
35 35
36 36
37 37
38 38
39 39
40 40
41 41
42 42
43 43
44 44
45 45
46 46
47 47
48 48
49 49
50 50
51 51
52 52
53 53
54 54
55 55
56 56
57 57
58 58
59 59
60 60
61 61
62 62
63 63
64 64
65 65
66 66
67 67
68 68
69 69
70 70
71 71
72 72
73 73
74 74
75 75
76 76
77 77
78 78
79 79
80 80
81 81
82 82
83 83
84 84
85 85
86 86
87 87
88 88
89 89
90 90
91 91
92 92
93 93
94 94
95 95
96 96
97 97
98 98
99 99
100 100
101 101
102 102
103 103
104 104
105 105
106 106
107 107
108 108
109 109
110 110
111 111
112 112
113 113
114 114
115 115
116 116
117 117
118 118
119 119
120 120
121 121
122 122
123 123
124 124
125 125
126 126
127 127
161 8204
162 8205
164 164
165 1642
167 1644
170 215
172 1548
174 1643
176 1776
177 1777
178 1778
179 1779
180 1780
181 1781
182 1782
183 1783
184 1784
185 1785
187 1563
191 1567
192 1570
193 1575
194 1569
195 1576
196 1662
197 1578
198 1579
199 1580
200 1670
201 1581
202 1582
203 1583
204 1584
205 1585
206 1586
207 1688
208 1587
209 1588
210 1589
211 1590
212 1591
213 1592
214 1593
215 1594
216 1601
217 1602
218 1705
219 1711
220 1604
221 1605
222 1606
223 1608
224 1607
225 1740
230 171
231 187
233 1600
240 1614
241 1616
242 1615
243 1611
244 1613
245 1612
246 1617
247 1618
248 1571
249 1572
250 1573
251 1574
252 1577
253 1603
254 1610

# Double Byte Codes
