# This file was auto-generated from "glibc-IBM856-2.3.3.ucm"
# by "codepage-parser.pwn", (c) MPL 1.1, Alex "Y_Less" Cole, 2022.
#
# Lines with a single number denote bytes that are followed by a second byte to
# create a DCBS pair.
#
# Lines with two numbers are byte sequence to unicode equivalent.

# DBCS Lead Bytes

# Single Byte Codes
1 1
2 2
3 3
4 4
5 5
6 6
7 7
8 8
9 9
10 10
11 11
12 12
13 13
14 14
15 15
16 16
17 17
18 18
19 19
20 20
21 21
22 22
23 23
24 24
25 25
26 28
27 27
28 127
29 29
30 30
31 31
32 32
33 33
34 34
35 35
36 36
37 37
38 38
39 39
40 40
41 41
42 42
43 43
44 44
45 45
46 46
47 47
48 48
49 49
50 50
51 51
52 52
53 53
54 54
55 55
56 56
57 57
58 58
59 59
60 60
61 61
62 62
63 63
64 64
65 65
66 66
67 67
68 68
69 69
70 70
71 71
72 72
73 73
74 74
75 75
76 76
77 77
78 78
79 79
80 80
81 81
82 82
83 83
84 84
85 85
86 86
87 87
88 88
89 89
90 90
91 91
92 92
93 93
94 94
95 95
96 96
97 97
98 98
99 99
100 100
101 101
102 102
103 103
104 104
105 105
106 106
107 107
108 108
109 109
110 110
111 111
112 112
113 113
114 114
115 115
116 116
117 117
118 118
119 119
120 120
121 121
122 122
123 123
124 124
125 125
126 126
127 26
128 1488
129 1489
130 1490
131 1491
132 1492
133 1493
134 1494
135 1495
136 1496
137 1497
138 1498
139 1499
140 1500
141 1501
142 1502
143 1503
144 1504
145 1505
146 1506
147 1507
148 1508
149 1509
150 1510
151 1511
152 1512
153 1513
154 1514
156 163
158 215
169 174
170 172
171 189
172 188
174 171
175 187
176 9617
177 9618
178 9619
179 9474
180 9508
184 169
185 9571
186 9553
187 9559
188 9565
189 162
190 165
191 9488
192 9492
193 9524
194 9516
195 9500
196 9472
197 9532
200 9562
201 9556
202 9577
203 9574
204 9568
205 9552
206 9580
207 164
217 9496
218 9484
219 9608
220 9604
221 166
223 9600
230 181
238 8254
239 180
240 173
241 177
242 8215
243 190
244 182
245 167
246 247
247 184
248 176
249 168
250 8226
251 185
252 179
253 178
254 9632
255 160

# Double Byte Codes
