# This file was auto-generated from "hpux-greee-11.11.ucm"
# by "codepage-parser.pwn", (c) MPL 1.1, Alex "Y_Less" Cole, 2022.
#
# Lines with a single number denote bytes that are followed by a second byte to
# create a DCBS pair.
#
# Lines with two numbers are byte sequence to unicode equivalent.

# DBCS Lead Bytes

# Single Byte Codes
1 1
2 2
3 3
4 128
5 9
6 129
7 159
8 130
9 131
10 132
11 11
12 12
13 13
14 14
15 15
16 16
17 17
18 18
19 19
20 133
21 134
22 8
23 135
24 24
25 25
26 136
27 137
28 28
29 29
30 30
31 31
32 138
33 139
34 140
35 141
36 142
37 10
38 23
39 27
40 143
41 144
42 145
43 146
44 147
45 5
46 6
47 7
48 148
49 149
50 22
51 150
52 151
53 152
54 153
55 4
56 154
57 155
58 156
59 157
60 20
61 21
62 158
63 26
64 32
65 913
66 914
67 915
68 916
69 917
70 918
71 919
72 920
73 921
74 91
75 46
76 60
77 40
78 43
79 33
80 38
81 922
82 923
83 924
84 925
85 926
86 927
87 928
88 929
89 931
90 93
91 36
92 42
93 41
94 59
95 94
96 45
97 47
98 932
99 933
100 934
101 935
102 936
103 937
104 938
105 939
106 124
107 44
108 37
109 95
110 62
111 63
112 168
113 902
114 904
115 905
116 160
117 906
118 908
119 910
120 911
121 96
122 58
123 35
124 64
125 39
126 61
127 34
128 901
129 97
130 98
131 99
132 100
133 101
134 102
135 103
136 104
137 105
138 945
139 946
140 947
141 948
142 949
143 950
144 176
145 106
146 107
147 108
148 109
149 110
150 111
151 112
152 113
153 114
154 951
155 952
156 953
157 954
158 955
159 956
160 900
161 126
162 115
163 116
164 117
165 118
166 119
167 120
168 121
169 122
170 957
171 958
172 959
173 960
174 961
175 963
176 163
177 940
178 941
179 942
180 970
181 943
182 972
183 973
184 971
185 974
186 962
187 964
188 965
189 966
190 967
191 968
192 123
193 65
194 66
195 67
196 68
197 69
198 70
199 71
200 72
201 73
202 173
203 969
204 912
205 944
206 701
207 8213
208 125
209 74
210 75
211 76
212 77
213 78
214 79
215 80
216 81
217 82
218 177
219 189
221 183
222 700
223 166
224 92
226 83
227 84
228 85
229 86
230 87
231 88
232 89
233 90
234 178
235 167
238 171
239 172
240 48
241 49
242 50
243 51
244 52
245 53
246 54
247 55
248 56
249 57
250 179
251 169
252 8364
254 187
255 127

# Double Byte Codes
