# This file was auto-generated from "ibm-5104_X110-1999.ucm"
# by "codepage-parser.pwn", (c) MPL 1.1, Alex "Y_Less" Cole, 2022.
#
# Lines with a single number denote bytes that are followed by a second byte to
# create a DCBS pair.
#
# Lines with two numbers are byte sequence to unicode equivalent.

# DBCS Lead Bytes

# Single Byte Codes
1 1
2 2
3 3
4 4
5 5
6 6
7 7
8 8
9 9
10 10
11 11
12 12
13 13
14 14
15 15
16 16
17 17
18 18
19 19
20 20
21 21
22 22
23 23
24 24
25 25
26 26
27 27
28 28
29 29
30 30
31 31
32 32
33 33
34 34
35 35
36 36
37 37
38 38
39 39
40 40
41 41
42 42
43 43
44 44
45 45
46 46
47 47
48 48
49 49
50 50
51 51
52 52
53 53
54 54
55 55
56 56
57 57
58 58
59 59
60 60
61 61
62 62
63 63
64 64
65 65
66 66
67 67
68 68
69 69
70 70
71 71
72 72
73 73
74 74
75 75
76 76
77 77
78 78
79 79
80 80
81 81
82 82
83 83
84 84
85 85
86 86
87 87
88 88
89 89
90 90
91 91
92 92
93 93
94 94
95 95
96 96
97 97
98 98
99 99
100 100
101 101
102 102
103 103
104 104
105 105
106 106
107 107
108 108
109 109
110 110
111 111
112 112
113 113
114 114
115 115
116 116
117 117
118 118
119 119
120 120
121 121
122 122
123 123
124 124
125 125
126 126
127 127
128 128
129 129
130 130
131 131
132 132
133 133
134 134
135 135
136 136
137 137
138 138
139 139
140 140
141 141
142 142
143 143
144 144
145 145
146 146
147 147
148 148
149 149
150 150
151 151
152 152
153 153
154 154
155 155
156 156
157 157
158 158
159 159
160 160
161 1548
162 162
163 1563
164 1567
165 65148
166 166
167 65149
168 1600
169 8203
170 65152
171 65153
172 172
173 173
174 65154
175 65155
176 1632
177 1633
178 1634
179 1635
180 1636
181 1637
182 1638
183 1639
184 1640
185 1641
186 65156
187 65157
188 65163
189 65165
190 65166
191 65167
192 65169
193 65171
194 65173
195 65175
196 65177
197 65179
198 65181
199 65183
200 65185
201 65187
202 65189
203 65191
204 65193
205 65195
206 65197
207 65199
208 65201
209 65203
210 65205
211 65207
212 65209
213 65211
214 65213
215 215
216 65215
217 65219
218 65223
219 65225
220 65226
221 65227
222 65228
223 65229
224 65230
225 65231
226 65232
227 65233
228 65235
229 65237
230 65239
231 65241
232 65243
233 65245
234 65269
235 65270
236 65271
237 65272
238 65275
239 65276
240 65247
241 65249
242 65251
243 65253
244 65255
245 65257
246 65259
247 247
248 65260
249 65261
250 65263
251 65264
252 65265
253 65266
254 65267
255 8364

# Double Byte Codes
