# This file was auto-generated from "ibm-5352_P100-1998.ucm"
# by "codepage-parser.pwn", (c) MPL 1.1, Alex "Y_Less" Cole, 2022.
#
# Lines with a single number denote bytes that are followed by a second byte to
# create a DCBS pair.
#
# Lines with two numbers are byte sequence to unicode equivalent.

# DBCS Lead Bytes

# Single Byte Codes
1 1
2 2
3 3
4 4
5 5
6 6
7 7
8 8
9 9
10 10
11 11
12 12
13 13
14 14
15 15
16 16
17 17
18 18
19 19
20 20
21 21
22 22
23 23
24 24
25 25
26 26
27 27
28 28
29 29
30 30
31 31
32 32
33 33
34 34
35 35
36 36
37 37
38 38
39 39
40 40
41 41
42 42
43 43
44 44
45 45
46 46
47 47
48 48
49 49
50 50
51 51
52 52
53 53
54 54
55 55
56 56
57 57
58 58
59 59
60 60
61 61
62 62
63 63
64 64
65 65
66 66
67 67
68 68
69 69
70 70
71 71
72 72
73 73
74 74
75 75
76 76
77 77
78 78
79 79
80 80
81 81
82 82
83 83
84 84
85 85
86 86
87 87
88 88
89 89
90 90
91 91
92 92
93 93
94 94
95 95
96 96
97 97
98 98
99 99
100 100
101 101
102 102
103 103
104 104
105 105
106 106
107 107
108 108
109 109
110 110
111 111
112 112
113 113
114 114
115 115
116 116
117 117
118 118
119 119
120 120
121 121
122 122
123 123
124 124
125 125
126 126
127 127
128 8364
129 1662
130 8218
131 402
132 8222
133 8230
134 8224
135 8225
136 710
137 8240
138 138
139 8249
140 338
141 1670
142 1688
143 143
144 1711
145 8216
146 8217
147 8220
148 8221
149 8226
150 8211
151 8212
152 152
153 8482
154 154
155 8250
156 339
157 8204
158 8205
159 159
160 160
161 1548
162 162
163 163
164 164
165 165
166 166
167 167
168 168
169 169
171 171
172 172
173 173
174 174
175 175
176 176
177 177
178 178
179 179
180 180
181 181
182 182
183 183
184 184
185 185
186 1563
187 187
188 188
189 189
190 190
191 1567
193 1569
194 1570
195 1571
196 1572
197 1573
198 1574
199 1575
200 1576
201 1577
202 1578
203 1579
204 1580
205 1581
206 1582
207 1583
208 1584
209 1585
210 1586
211 1587
212 1588
213 1589
214 1590
215 215
216 1591
217 1592
218 1593
219 1594
220 1600
221 1601
222 1602
223 1603
224 224
225 1604
226 226
227 1605
228 1606
229 1607
230 1608
231 231
232 232
233 233
234 234
235 235
236 1609
237 1610
238 238
239 239
240 1611
241 1612
242 1613
243 1614
244 244
245 1615
246 1616
247 247
248 1617
249 249
250 1618
251 251
252 252
253 8206
254 8207

# Double Byte Codes
