# This file was auto-generated from "ibm-8612_X110-1995.ucm"
# by "codepage-parser.pwn", (c) MPL 1.1, Alex "Y_Less" Cole, 2022.
#
# Lines with a single number denote bytes that are followed by a second byte to
# create a DCBS pair.
#
# Lines with two numbers are byte sequence to unicode equivalent.

# DBCS Lead Bytes

# Single Byte Codes
1 1
2 2
3 3
4 156
5 9
6 134
7 127
8 151
9 141
10 142
11 11
12 12
13 13
14 14
15 15
16 16
17 17
18 18
19 19
20 157
21 133
22 8
23 135
24 24
25 25
26 146
27 143
28 28
29 29
30 30
31 31
32 128
33 129
34 130
35 131
36 132
37 10
38 23
39 27
40 136
41 137
42 138
43 139
44 140
45 5
46 6
47 7
48 144
49 145
50 22
51 147
52 148
53 149
54 150
55 4
56 152
57 153
58 154
59 155
60 20
61 21
62 158
63 26
64 32
65 160
66 1617
68 1600
70 1569
71 1570
73 1571
74 162
75 46
76 60
77 40
78 43
79 124
80 38
82 1572
85 1574
86 1575
88 1576
90 33
91 36
92 42
93 41
94 59
95 172
96 45
97 47
98 1577
99 1578
101 1579
103 1580
105 1581
106 166
107 44
108 37
109 95
110 62
111 63
113 1582
115 1583
116 1584
117 1585
118 1586
119 1587
121 1548
122 58
123 35
124 64
125 39
126 61
127 34
128 1588
129 97
130 98
131 99
132 100
133 101
134 102
135 103
136 104
137 105
139 1589
141 1590
143 1591
144 1592
145 106
146 107
147 108
148 109
149 110
150 111
151 112
152 113
153 114
154 1593
158 1594
161 247
162 115
163 116
164 117
165 118
166 119
167 120
168 121
169 122
171 1601
173 1602
175 1603
177 1604
187 1605
189 1606
191 1607
192 1563
193 65
194 66
195 67
196 68
197 69
198 70
199 71
200 72
201 73
202 173
207 1608
208 1567
209 74
210 75
211 76
212 77
213 78
214 79
215 80
216 81
217 82
218 1609
220 1610
224 215
226 83
227 84
228 85
229 86
230 87
231 88
232 89
233 90
240 48
241 49
242 50
243 51
244 52
245 53
246 54
247 55
248 56
249 57
255 159

# Double Byte Codes
