# This file was auto-generated from "ibm-1097_P100-1995.ucm"
# by "codepage-parser.pwn", (c) MPL 1.1, Alex "Y_Less" Cole, 2022.
#
# Lines with a single number denote bytes that are followed by a second byte to
# create a DCBS pair.
#
# Lines with two numbers are byte sequence to unicode equivalent.

# DBCS Lead Bytes

# Single Byte Codes
1 1
2 2
3 3
4 156
5 9
6 134
7 127
8 151
9 141
10 142
11 11
12 12
13 13
14 14
15 15
16 16
17 17
18 18
19 19
20 157
21 133
22 8
23 135
24 24
25 25
26 146
27 143
28 28
29 29
30 30
31 31
32 128
33 129
34 130
35 131
36 132
37 10
38 23
39 27
40 136
41 137
42 138
43 139
44 140
45 5
46 6
47 7
48 144
49 145
50 22
51 147
52 148
53 149
54 150
55 4
56 152
57 153
58 154
59 155
60 20
61 21
62 158
63 26
64 32
65 160
66 1548
67 1611
68 65153
69 65154
70 63738
71 65165
72 65166
73 63739
74 164
75 46
76 60
77 40
78 43
79 124
80 38
81 65152
82 65155
83 65156
84 63737
85 65157
86 65163
87 65167
88 65169
89 64342
90 33
91 36
92 42
93 41
94 59
95 172
96 45
97 47
98 64344
99 65173
100 65175
101 65177
102 65179
103 65181
104 65183
105 64378
106 1563
107 44
108 37
109 95
110 62
111 63
112 64380
113 65185
114 65187
115 65189
116 65191
117 65193
118 65195
119 65197
120 65199
121 96
122 58
123 35
124 64
125 39
126 61
127 34
128 64394
129 97
130 98
131 99
132 100
133 101
134 102
135 103
136 104
137 105
138 171
139 187
140 65201
141 65203
142 65205
143 65207
144 65209
145 106
146 107
147 108
148 109
149 110
150 111
151 112
152 113
153 114
154 65211
155 65213
156 65215
157 65217
158 65219
159 65221
160 65223
161 126
162 115
163 116
164 117
165 118
166 119
167 120
168 121
169 122
170 65225
171 65226
172 65227
173 65228
174 65229
175 65230
176 65231
177 65232
178 65233
179 65235
180 65237
181 65239
182 64398
183 65243
184 64402
185 64404
186 91
187 93
188 65245
189 65247
190 65249
191 215
192 123
193 65
194 66
195 67
196 68
197 69
198 70
199 71
200 72
201 73
202 173
203 65251
204 65253
205 65255
206 65261
207 65257
208 125
209 74
210 75
211 76
212 77
213 78
214 79
215 80
216 81
217 82
218 65259
219 65260
220 64420
221 64508
222 64509
223 64510
224 92
225 1567
226 83
227 84
228 85
229 86
230 87
231 88
232 89
233 90
234 1600
235 1776
236 1777
237 1778
238 1779
239 1780
240 48
241 49
242 50
243 51
244 52
245 53
246 54
247 55
248 56
249 57
250 1781
251 1782
252 1783
253 1784
254 1785
255 159

# Double Byte Codes
