# This file was auto-generated from "ibm-4963_P101-2000.ucm"
# by "codepage-parser.pwn", (c) MPL 1.1, Alex "Y_Less" Cole, 2022.
#
# Lines with a single number denote bytes that are followed by a second byte to
# create a DCBS pair.
#
# Lines with two numbers are byte sequence to unicode equivalent.

# DBCS Lead Bytes

# Single Byte Codes
1 1
2 2
3 3
4 4
5 5
6 6
7 7
8 8
9 9
10 10
11 11
12 12
13 13
14 14
15 15
16 16
17 17
18 18
19 19
20 20
21 21
22 22
23 23
24 24
25 25
26 26
27 27
28 28
29 29
30 30
31 31
32 32
33 33
34 34
35 35
36 36
37 37
38 38
39 39
40 40
41 41
42 42
43 43
44 44
45 45
46 46
47 47
48 48
49 49
50 50
51 51
52 52
53 53
54 54
55 55
56 56
57 57
58 58
59 59
60 60
61 61
62 62
63 63
64 64
65 65
66 66
67 67
68 68
69 69
70 70
71 71
72 72
73 73
74 74
75 75
76 76
77 77
78 78
79 79
80 80
81 81
82 82
83 83
84 84
85 85
86 86
87 87
88 88
89 89
90 90
91 91
92 92
93 93
94 94
95 95
96 96
97 97
98 98
99 99
100 100
101 101
102 102
103 103
104 104
105 105
106 106
107 107
108 108
109 109
110 110
111 111
112 112
113 113
114 114
115 115
116 116
117 117
118 118
119 119
120 120
121 121
122 122
123 123
124 124
125 125
126 126
127 127
128 1488
129 1489
130 1490
131 1491
132 1492
133 1493
134 1494
135 1495
136 1496
137 1497
138 1498
139 1499
140 1500
141 1501
142 1502
143 1503
144 1504
145 1505
146 1506
147 1507
148 1508
149 1509
150 1510
151 1511
152 1512
153 1513
154 1514
155 162
156 163
157 165
158 158
159 8362
160 8206
161 8207
162 8234
163 8235
164 8237
165 8238
166 8236
169 8976
170 172
171 189
172 188
173 8364
174 171
175 187
176 9617
177 9618
178 9619
179 9474
180 9508
181 9569
182 9570
183 9558
184 9557
185 9571
186 9553
187 9559
188 9565
189 9564
190 9563
191 9488
192 9492
193 9524
194 9516
195 9500
196 9472
197 9532
198 9566
199 9567
200 9562
201 9556
202 9577
203 9574
204 9568
205 9552
206 9580
207 9575
208 9576
209 9572
210 9573
211 9561
212 9560
213 9554
214 9555
215 9579
216 9578
217 9496
218 9484
219 9608
220 9604
221 9612
222 9616
223 9600
224 945
225 223
226 915
227 960
228 931
229 963
230 956
231 964
232 934
233 920
234 937
235 948
236 8734
237 966
238 949
239 8745
240 8801
241 177
242 8805
243 8804
244 8992
245 8993
246 247
247 8776
248 176
249 8729
250 183
251 8730
252 8319
253 178
254 9632
255 160

# Double Byte Codes
