# This file was auto-generated from "ibm-259_P100-1995.ucm"
# by "codepage-parser.pwn", (c) MPL 1.1, Alex "Y_Less" Cole, 2022.
#
# Lines with a single number denote bytes that are followed by a second byte to
# create a DCBS pair.
#
# Lines with two numbers are byte sequence to unicode equivalent.

# DBCS Lead Bytes

# Single Byte Codes
1 1
2 2
3 3
4 156
5 9
6 134
7 127
8 151
9 141
10 142
11 11
12 12
13 13
14 14
15 15
16 16
17 17
18 18
19 19
20 157
21 133
22 8
23 135
24 24
25 25
26 146
27 143
28 28
29 29
30 30
31 31
32 128
33 129
34 130
35 131
36 132
37 10
38 23
39 27
40 136
41 137
42 138
43 139
44 140
45 5
46 6
47 7
48 144
49 145
50 22
51 147
52 148
53 149
54 150
55 4
56 152
57 153
58 154
59 155
60 20
61 21
62 158
63 26
64 32
65 160
66 8316
67 8315
68 8314
69 63663
70 63731
71 63616
72 63618
73 63610
74 91
75 8224
76 60
77 40
78 169
79 8730
80 8804
81 175
82 65124
83 65125
84 8478
85 8713
86 8756
87 8599
88 8600
89 8225
90 93
91 8729
92 8800
93 41
94 168
95 94
96 45
97 8805
98 8897
99 8896
100 8741
101 8736
102 9001
103 9002
104 8723
105 8977
106 8242
107 9792
108 9794
109 95
110 62
111 8747
112 8745
113 8746
114 8834
115 8835
116 8853
117 8735
119 8855
120 728
121 96
122 247
123 177
124 176
125 180
126 8243
127 174
128 63617
129 945
130 946
131 968
132 981
133 949
134 960
135 955
136 951
137 953
138 9484
139 9500
140 9492
141 9474
142 9692
143 9695
144 8240
145 977
146 954
147 969
148 956
149 957
150 959
151 961
152 947
153 952
154 9516
155 9532
156 9524
157 8482
158 9693
159 9694
160 8773
161 126
162 963
163 964
164 958
165 215
166 948
167 967
168 965
169 950
170 9488
171 9508
172 9496
173 8213
174 63608
175 63609
176 8320
177 8321
178 8322
179 8323
180 8324
181 8325
182 8326
183 8327
184 8328
185 8329
186 8869
187 9050
188 9679
189 163
190 164
191 165
192 123
193 8711
194 8734
195 936
196 934
197 8592
198 928
199 923
200 182
201 8593
202 173
203 9670
204 711
205 63603
206 124
207 9250
208 125
209 8215
210 167
211 937
212 8706
213 8767
214 8595
215 8467
216 915
217 920
218 9633
219 9632
220 9025
221 8254
222 63607
223 63606
224 92
225 8199
226 931
227 8594
228 926
229 8733
230 916
231 8801
232 933
233 8771
234 8764
235 172
236 9658
237 9650
238 8992
239 8993
240 8304
241 185
242 178
243 179
244 8308
245 8309
246 8310
247 8311
248 8312
249 8313
250 63667
251 8539
252 8540
253 8541
254 8542
255 159

# Double Byte Codes
