# This file was auto-generated from "ibm-1025_P100-1995.ucm"
# by "codepage-parser.pwn", (c) MPL 1.1, Alex "Y_Less" Cole, 2022.
#
# Lines with a single number denote bytes that are followed by a second byte to
# create a DCBS pair.
#
# Lines with two numbers are byte sequence to unicode equivalent.

# DBCS Lead Bytes

# Single Byte Codes
1 1
2 2
3 3
4 156
5 9
6 134
7 127
8 151
9 141
10 142
11 11
12 12
13 13
14 14
15 15
16 16
17 17
18 18
19 19
20 157
21 133
22 8
23 135
24 24
25 25
26 146
27 143
28 28
29 29
30 30
31 31
32 128
33 129
34 130
35 131
36 132
37 10
38 23
39 27
40 136
41 137
42 138
43 139
44 140
45 5
46 6
47 7
48 144
49 145
50 22
51 147
52 148
53 149
54 150
55 4
56 152
57 153
58 154
59 155
60 20
61 21
62 158
63 26
64 32
65 160
66 1106
67 1107
68 1105
69 1108
70 1109
71 1110
72 1111
73 1112
74 91
75 46
76 60
77 40
78 43
79 33
80 38
81 1113
82 1114
83 1115
84 1116
85 1118
86 1119
87 1066
88 8470
89 1026
90 93
91 36
92 42
93 41
94 59
95 94
96 45
97 47
98 1027
99 1025
100 1028
101 1029
102 1030
103 1031
104 1032
105 1033
106 124
107 44
108 37
109 95
110 62
111 63
112 1034
113 1035
114 1036
115 173
116 1038
117 1039
118 1102
119 1072
120 1073
121 96
122 58
123 35
124 64
125 39
126 61
127 34
128 1094
129 97
130 98
131 99
132 100
133 101
134 102
135 103
136 104
137 105
138 1076
139 1077
140 1092
141 1075
142 1093
143 1080
144 1081
145 106
146 107
147 108
148 109
149 110
150 111
151 112
152 113
153 114
154 1082
155 1083
156 1084
157 1085
158 1086
159 1087
160 1103
161 126
162 115
163 116
164 117
165 118
166 119
167 120
168 121
169 122
170 1088
171 1089
172 1090
173 1091
174 1078
175 1074
176 1100
177 1099
178 1079
179 1096
180 1101
181 1097
182 1095
183 1098
184 1070
185 1040
186 1041
187 1062
188 1044
189 1045
190 1060
191 1043
192 123
193 65
194 66
195 67
196 68
197 69
198 70
199 71
200 72
201 73
202 1061
203 1048
204 1049
205 1050
206 1051
207 1052
208 125
209 74
210 75
211 76
212 77
213 78
214 79
215 80
216 81
217 82
218 1053
219 1054
220 1055
221 1071
222 1056
223 1057
224 92
225 167
226 83
227 84
228 85
229 86
230 87
231 88
232 89
233 90
234 1058
235 1059
236 1046
237 1042
238 1068
239 1067
240 48
241 49
242 50
243 51
244 52
245 53
246 54
247 55
248 56
249 57
250 1047
251 1064
252 1069
253 1065
254 1063
255 159

# Double Byte Codes
