# This file was auto-generated from "ibm-9145_X110-1997.ucm"
# by "codepage-parser.pwn", (c) MPL 1.1, Alex "Y_Less" Cole, 2022.
#
# Lines with a single number denote bytes that are followed by a second byte to
# create a DCBS pair.
#
# Lines with two numbers are byte sequence to unicode equivalent.

# DBCS Lead Bytes
162
176
177
178
179
180
181
183
184
185
186
187
188
189
190
191
192
193
194
195
196
197
198
199
200
201
202
203
204
205
206
207
208
209
210
211
212
213
215
216
217
220
221
222
223
224
225
226
227
228
229
230
231
232
233
234
235
236
243
244
245
246
247
248
249
250
251
252
253
254

# Single Byte Codes

# Double Byte Codes
41667 166
45225 20008
45256 20193
45266 20224
45268 20227
45283 20281
45294 20310
45475 20362
45479 20370
45481 20372
45484 20378
45499 20425
45502 20429
45512 20479
45527 20510
45528 20514
45535 20544
45537 20546
45539 20550
45556 20592
45731 20628
45755 20696
45798 20810
45805 20836
45813 20893
45820 20926
46005 21013
46040 21148
46043 21158
46045 21167
46053 21184
46062 21211
46075 21248
46272 21362
46279 21395
46288 21426
46302 21469
46506 21660
46511 21673
46532 21759
46568 21894
47042 22373
47076 22444
47079 22471
47080 22472
47310 22706
47329 22795
47349 22867
47351 22875
47352 22877
47356 22883
47535 22948
47543 22970
47806 23382
47835 23488
47841 23512
47851 23582
48051 23718
48056 23738
48074 23847
48080 23874
48094 23917
48116 23992
48117 23993
48121 24016
48356 24353
48365 24372
48372 24389
48382 24423
48578 24542
48615 24669
48624 24714
48812 24789
48816 24798
48819 24818
48829 24849
48841 24880
48845 24887
48868 24984
49064 25107
49097 25254
49348 25589
49380 25696
49396 25757
49574 25806
49653 26112
49656 26121
49660 26133
49825 26142
49829 26148
49835 26158
49837 26161
49848 26199
49850 26201
49855 26363
49860 26227
49874 26265
49879 26272
49883 26290
49886 26303
49901 26362
49904 26382
50081 26470
50101 26555
50105 26560
50121 26706
50136 26692
50172 26824
50174 26831
50380 26984
50393 27032
50410 27106
50429 27184
50599 27206
50613 27251
50614 27262
50645 27364
50872 27606
50903 27711
50912 27740
50915 27759
50922 27782
51105 27866
51115 27908
51139 28015
51143 28039
51147 28054
51151 28076
51161 28111
51174 28156
51179 28199
51182 28217
51184 28220
51196 28252
51377 28351
51429 28552
51448 28597
51622 28661
51627 28677
51629 28679
51658 28805
51667 28843
51683 28932
51689 28943
51700 28998
51701 28999
51708 29020
51891 29121
51901 29182
51951 29361
51953 29374
52142 29476
52170 29559
52198 29629
52202 29641
52206 29650
52208 29654
52212 29667
52217 29685
52389 29703
52395 29734
52397 29737
52398 29738
52402 29742
52418 29794
52432 29833
52441 29855
52650 29999
52667 30063
52922 30363
52923 30364
52931 30374
52978 30534
53205 30753
53218 30798
53225 30820
53229 30842
53477 31124
53481 31131
53736 31441
53740 31467
53947 31646
54241 32072
54248 32092
54439 32183
54484 32338
54499 32394
54514 32583
54702 32673
55262 33537
55458 33663
55479 33735
55489 33782
55505 33864
55540 33972
55713 34012
55750 34131
55752 34137
55761 34155
56531 35061
56543 35100
56776 35346
56788 35383
56810 35449
56826 35495
56996 35518
57008 35551
57013 35574
57035 35667
57273 36080
57283 36114
57561 36559
57826 36967
58055 37159
58278 37335
58280 37338
58281 37342
58282 37348
58283 37349
58287 37357
58288 37358
58300 37382
58303 37386
58305 37392
58324 37433
58325 37434
58326 37436
58328 37440
58335 37454
58337 37457
58339 37465
58345 37479
58353 37495
58354 37496
58360 37512
58534 37543
58558 37584
58559 37587
58560 37589
58561 37591
58563 37593
58567 37600
58571 37607
58576 37625
58577 37627
58578 37631
58580 37634
58587 37661
58588 37662
58590 37665
58592 37669
58601 37704
58607 37719
58618 37744
58803 37796
58815 37830
58825 37854
58832 37880
58850 37937
58858 37957
58859 37960
59112 38557
59119 38575
59308 38707
59310 38723
59313 38735
59314 38741
59569 38999
59574 39013
59613 39207
59857 39502
59885 39644
60109 39797
60123 39823
60134 39857
60138 39867
60325 39936
60410 40299
60411 40304
60630 40473
62369 8560
62370 8561
62371 8562
62372 8563
62373 8564
62374 8565
62375 8566
62376 8567
62377 8568
62378 8569
62379 8544
62380 8545
62381 8546
62382 8547
62383 8548
62384 8549
62385 8550
62386 8551
62387 8552
62388 8553
62389 65287
62390 65282
62391 12849
62392 8470
62393 8481
62625 28859
62626 20220
62627 20724
62628 20972
62629 21255
62630 21284
62631 64014
62632 21642
62633 22361
62634 64015
62635 64016
62636 22686
62638 23532
62639 23797
62640 23891
62641 64017
62642 24503
62643 24709
62644 24864
62645 25934
62646 26171
62647 26213
62648 64018
62649 63785
62650 26625
62651 64019
62652 64020
62653 27243
62654 27362
62655 28152
62656 28146
62658 28712
62660 64021
62661 64022
62662 29953
62663 30338
62664 30366
62665 64023
62667 31024
62668 64024
62669 64025
62670 64026
62671 64027
62672 31463
62673 64028
62675 64029
62676 32160
62677 32214
62678 64030
62679 33634
62680 64031
62681 34224
62682 64032
62683 64033
62684 34823
62686 64034
62687 35711
62688 36084
62689 36214
62690 64035
62691 64036
62692 64037
62693 37086
62694 64038
62695 37141
62696 64039
62697 64040
62698 38290
62699 63964
62700 64041
62701 38715
62702 38733
62703 38737
62705 64042
62706 64043
62707 64044
62708 39326
62709 39641
62710 39794
62711 64045
62712 40657
62881 58284
62882 58285
62883 58286
62884 58287
62885 58288
62886 58289
62887 58290
62888 58291
62889 58292
62890 58293
62891 58294
62892 58295
62893 58296
62894 58297
62895 58298
62896 58299
62897 58300
62898 58301
62899 58302
62900 58303
62901 58304
62902 58305
62903 58306
62904 58307
62905 58308
62906 58309
62907 58310
62908 58311
62909 58312
62910 58313
62911 58314
62912 58315
62913 58316
62914 58317
62915 58318
62916 58319
62917 58320
62918 58321
62919 58322
62920 58323
62921 58324
62922 58325
62923 58326
62924 58327
62925 58328
62926 58329
62927 58330
62928 58331
62929 58332
62930 58333
62931 58334
62932 58335
62933 58336
62934 58337
62935 58338
62936 58339
62937 58340
62938 58341
62939 58342
62940 58343
62941 58344
62942 58345
62943 58346
62944 58347
62945 58348
62946 58349
62947 58350
62948 58351
62949 58352
62950 58353
62951 58354
62952 58355
62953 58356
62954 58357
62955 58358
62956 58359
62957 58360
62958 58361
62959 58362
62960 58363
62961 58364
62962 58365
62963 58366
62964 58367
62965 58368
62966 58369
62967 58370
62968 58371
62969 58372
62970 58373
62971 58374
62972 58375
62973 58376
62974 58377
63137 58378
63138 58379
63139 58380
63140 58381
63141 58382
63142 58383
63143 58384
63144 58385
63145 58386
63146 58387
63147 58388
63148 58389
63149 58390
63150 58391
63151 58392
63152 58393
63153 58394
63154 58395
63155 58396
63156 58397
63157 58398
63158 58399
63159 58400
63160 58401
63161 58402
63162 58403
63163 58404
63164 58405
63165 58406
63166 58407
63167 58408
63168 58409
63169 58410
63170 58411
63171 58412
63172 58413
63173 58414
63174 58415
63175 58416
63176 58417
63177 58418
63178 58419
63179 58420
63180 58421
63181 58422
63182 58423
63183 58424
63184 58425
63185 58426
63186 58427
63187 58428
63188 58429
63189 58430
63190 58431
63191 58432
63192 58433
63193 58434
63194 58435
63195 58436
63196 58437
63197 58438
63198 58439
63199 58440
63200 58441
63201 58442
63202 58443
63203 58444
63204 58445
63205 58446
63206 58447
63207 58448
63208 58449
63209 58450
63210 58451
63211 58452
63212 58453
63213 58454
63214 58455
63215 58456
63216 58457
63217 58458
63218 58459
63219 58460
63220 58461
63221 58462
63222 58463
63223 58464
63224 58465
63225 58466
63226 58467
63227 58468
63228 58469
63229 58470
63230 58471
63393 58472
63394 58473
63395 58474
63396 58475
63397 58476
63398 58477
63399 58478
63400 58479
63401 58480
63402 58481
63403 58482
63404 58483
63405 58484
63406 58485
63407 58486
63408 58487
63409 58488
63410 58489
63411 58490
63412 58491
63413 58492
63414 58493
63415 58494
63416 58495
63417 58496
63418 58497
63419 58498
63420 58499
63421 58500
63422 58501
63423 58502
63424 58503
63425 58504
63426 58505
63427 58506
63428 58507
63429 58508
63430 58509
63431 58510
63432 58511
63433 58512
63434 58513
63435 58514
63436 58515
63437 58516
63438 58517
63439 58518
63440 58519
63441 58520
63442 58521
63443 58522
63444 58523
63445 58524
63446 58525
63447 58526
63448 58527
63449 58528
63450 58529
63451 58530
63452 58531
63453 58532
63454 58533
63455 58534
63456 58535
63457 58536
63458 58537
63459 58538
63460 58539
63461 58540
63462 58541
63463 58542
63464 58543
63465 58544
63466 58545
63467 58546
63468 58547
63469 58548
63470 58549
63471 58550
63472 58551
63473 58552
63474 58553
63475 58554
63476 58555
63477 58556
63478 58557
63479 58558
63480 58559
63481 58560
63482 58561
63483 58562
63484 58563
63485 58564
63486 58565
63649 58566
63650 58567
63651 58568
63652 58569
63653 58570
63654 58571
63655 58572
63656 58573
63657 58574
63658 58575
63659 58576
63660 58577
63661 58578
63662 58579
63663 58580
63664 58581
63665 58582
63666 58583
63667 58584
63668 58585
63669 58586
63670 58587
63671 58588
63672 58589
63673 58590
63674 58591
63675 58592
63676 58593
63677 58594
63678 58595
63679 58596
63680 58597
63681 58598
63682 58599
63683 58600
63684 58601
63685 58602
63686 58603
63687 58604
63688 58605
63689 58606
63690 58607
63691 58608
63692 58609
63693 58610
63694 58611
63695 58612
63696 58613
63697 58614
63698 58615
63699 58616
63700 58617
63701 58618
63702 58619
63703 58620
63704 58621
63705 58622
63706 58623
63707 58624
63708 58625
63709 58626
63710 58627
63711 58628
63712 58629
63713 58630
63714 58631
63715 58632
63716 58633
63717 58634
63718 58635
63719 58636
63720 58637
63721 58638
63722 58639
63723 58640
63724 58641
63725 58642
63726 58643
63727 58644
63728 58645
63729 58646
63730 58647
63731 58648
63732 58649
63733 58650
63734 58651
63735 58652
63736 58653
63737 58654
63738 58655
63739 58656
63740 58657
63741 58658
63742 58659
63905 58660
63906 58661
63907 58662
63908 58663
63909 58664
63910 58665
63911 58666
63912 58667
63913 58668
63914 58669
63915 58670
63916 58671
63917 58672
63918 58673
63919 58674
63920 58675
63921 58676
63922 58677
63923 58678
63924 58679
63925 58680
63926 58681
63927 58682
63928 58683
63929 58684
63930 58685
63931 58686
63932 58687
63933 58688
63934 58689
63935 58690
63936 58691
63937 58692
63938 58693
63939 58694
63940 58695
63941 58696
63942 58697
63943 58698
63944 58699
63945 58700
63946 58701
63947 58702
63948 58703
63949 58704
63950 58705
63951 58706
63952 58707
63953 58708
63954 58709
63955 58710
63956 58711
63957 58712
63958 58713
63959 58714
63960 58715
63961 58716
63962 58717
63963 58718
63964 58719
63965 58720
63966 58721
63967 58722
63968 58723
63969 58724
63970 58725
63971 58726
63972 58727
63973 58728
63974 58729
63975 58730
63976 58731
63977 58732
63978 58733
63979 58734
63980 58735
63981 58736
63982 58737
63983 58738
63984 58739
63985 58740
63986 58741
63987 58742
63988 58743
63989 58744
63990 58745
63991 58746
63992 58747
63993 58748
63994 58749
63995 58750
63996 58751
63997 58752
63998 58753
64161 58754
64162 58755
64163 58756
64164 58757
64165 58758
64166 58759
64167 58760
64168 58761
64169 58762
64170 58763
64171 58764
64172 58765
64173 58766
64174 58767
64175 58768
64176 58769
64177 58770
64178 58771
64179 58772
64180 58773
64181 58774
64182 58775
64183 58776
64184 58777
64185 58778
64186 58779
64187 58780
64188 58781
64189 58782
64190 58783
64191 58784
64192 58785
64193 58786
64194 58787
64195 58788
64196 58789
64197 58790
64198 58791
64199 58792
64200 58793
64201 58794
64202 58795
64203 58796
64204 58797
64205 58798
64206 58799
64207 58800
64208 58801
64209 58802
64210 58803
64211 58804
64212 58805
64213 58806
64214 58807
64215 58808
64216 58809
64217 58810
64218 58811
64219 58812
64220 58813
64221 58814
64222 58815
64223 58816
64224 58817
64225 58818
64226 58819
64227 58820
64228 58821
64229 58822
64230 58823
64231 58824
64232 58825
64233 58826
64234 58827
64235 58828
64236 58829
64237 58830
64238 58831
64239 58832
64240 58833
64241 58834
64242 58835
64243 58836
64244 58837
64245 58838
64246 58839
64247 58840
64248 58841
64249 58842
64250 58843
64251 58844
64252 58845
64253 58846
64254 58847
64417 58848
64418 58849
64419 58850
64420 58851
64421 58852
64422 58853
64423 58854
64424 58855
64425 58856
64426 58857
64427 58858
64428 58859
64429 58860
64430 58861
64431 58862
64432 58863
64433 58864
64434 58865
64435 58866
64436 58867
64437 58868
64438 58869
64439 58870
64440 58871
64441 58872
64442 58873
64443 58874
64444 58875
64445 58876
64446 58877
64447 58878
64448 58879
64449 58880
64450 58881
64451 58882
64452 58883
64453 58884
64454 58885
64455 58886
64456 58887
64457 58888
64458 58889
64459 58890
64460 58891
64461 58892
64462 58893
64463 58894
64464 58895
64465 58896
64466 58897
64467 58898
64468 58899
64469 58900
64470 58901
64471 58902
64472 58903
64473 58904
64474 58905
64475 58906
64476 58907
64477 58908
64478 58909
64479 58910
64480 58911
64481 58912
64482 58913
64483 58914
64484 58915
64485 58916
64486 58917
64487 58918
64488 58919
64489 58920
64490 58921
64491 58922
64492 58923
64493 58924
64494 58925
64495 58926
64496 58927
64497 58928
64498 58929
64499 58930
64500 58931
64501 58932
64502 58933
64503 58934
64504 58935
64505 58936
64506 58937
64507 58938
64508 58939
64509 58940
64510 58941
64673 58942
64674 58943
64675 58944
64676 58945
64677 58946
64678 58947
64679 58948
64680 58949
64681 58950
64682 58951
64683 58952
64684 58953
64685 58954
64686 58955
64687 58956
64688 58957
64689 58958
64690 58959
64691 58960
64692 58961
64693 58962
64694 58963
64695 58964
64696 58965
64697 58966
64698 58967
64699 58968
64700 58969
64701 58970
64702 58971
64703 58972
64704 58973
64705 58974
64706 58975
64707 58976
64708 58977
64709 58978
64710 58979
64711 58980
64712 58981
64713 58982
64714 58983
64715 58984
64716 58985
64717 58986
64718 58987
64719 58988
64720 58989
64721 58990
64722 58991
64723 58992
64724 58993
64725 58994
64726 58995
64727 58996
64728 58997
64729 58998
64730 58999
64731 59000
64732 59001
64733 59002
64734 59003
64735 59004
64736 59005
64737 59006
64738 59007
64739 59008
64740 59009
64741 59010
64742 59011
64743 59012
64744 59013
64745 59014
64746 59015
64747 59016
64748 59017
64749 59018
64750 59019
64751 59020
64752 59021
64753 59022
64754 59023
64755 59024
64756 59025
64757 59026
64758 59027
64759 59028
64760 59029
64761 59030
64762 59031
64763 59032
64764 59033
64765 59034
64766 59035
64929 59036
64930 59037
64931 59038
64932 59039
64933 59040
64934 59041
64935 59042
64936 59043
64937 59044
64938 59045
64939 59046
64940 59047
64941 59048
64942 59049
64943 59050
64944 59051
64945 59052
64946 59053
64947 59054
64948 59055
64949 59056
64950 59057
64951 59058
64952 59059
64953 59060
64954 59061
64955 59062
64956 59063
64957 59064
64958 59065
64959 59066
64960 59067
64961 59068
64962 59069
64963 59070
64964 59071
64965 59072
64966 59073
64967 59074
64968 59075
64969 59076
64970 59077
64971 59078
64972 59079
64973 59080
64974 59081
64975 59082
64976 59083
64977 59084
64978 59085
64979 59086
64980 59087
64981 59088
64982 59089
64983 59090
64984 59091
64985 59092
64986 59093
64987 59094
64988 59095
64989 59096
64990 59097
64991 59098
64992 59099
64993 59100
64994 59101
64995 59102
64996 59103
64997 59104
64998 59105
64999 59106
65000 59107
65001 59108
65002 59109
65003 59110
65004 59111
65005 59112
65006 59113
65007 59114
65008 59115
65009 59116
65010 59117
65011 59118
65012 59119
65013 59120
65014 59121
65015 59122
65016 59123
65017 59124
65018 59125
65019 59126
65020 59127
65021 59128
65022 59129
65185 59130
65186 59131
65187 59132
65188 59133
65189 59134
65190 59135
65191 59136
65192 59137
65193 59138
65194 59139
65195 59140
65196 59141
65197 59142
65198 59143
65199 59144
65200 59145
65201 59146
65202 59147
65203 59148
65204 59149
65205 59150
65206 59151
65207 59152
65208 59153
65209 59154
65210 59155
65211 59156
65212 59157
65213 59158
65214 59159
65215 59160
65216 59161
65217 59162
65218 59163
65219 59164
65220 59165
65221 59166
65222 59167
65223 59168
65224 59169
65225 59170
65226 59171
65227 59172
65228 59173
65229 59174
65230 59175
65231 59176
65232 59177
65233 59178
65234 59179
65235 59180
65236 59181
65237 59182
65238 59183
65239 59184
65240 59185
65241 59186
65242 59187
65243 59188
65244 59189
65245 59190
65246 59191
65247 59192
65248 59193
65249 59194
65250 59195
65251 59196
65252 59197
65253 59198
65254 59199
65255 59200
65256 59201
65257 59202
65258 59203
65259 59204
65260 59205
65261 59206
65262 59207
65263 59208
65264 59209
65265 59210
65266 59211
65267 59212
65268 59213
65269 59214
65270 59215
65271 59216
65272 59217
65273 59218
65274 59219
65275 59220
65276 59221
65277 59222
65278 59223
