# This file was auto-generated from "ibm-1098_P100-1995.ucm"
# by "codepage-parser.pwn", (c) MPL 1.1, Alex "Y_Less" Cole, 2022.
#
# Lines with a single number denote bytes that are followed by a second byte to
# create a DCBS pair.
#
# Lines with two numbers are byte sequence to unicode equivalent.

# DBCS Lead Bytes

# Single Byte Codes
1 1
2 2
3 3
4 4
5 5
6 6
7 7
8 8
9 9
10 10
11 11
12 12
13 13
14 14
15 15
16 16
17 17
18 18
19 19
20 20
21 21
22 22
23 23
24 24
25 25
26 28
27 27
28 127
29 29
30 30
31 31
32 32
33 33
34 34
35 35
36 36
37 37
38 38
39 39
40 40
41 41
42 42
43 43
44 44
45 45
46 46
47 47
48 48
49 49
50 50
51 51
52 52
53 53
54 54
55 55
56 56
57 57
58 58
59 59
60 60
61 61
62 62
63 63
64 64
65 65
66 66
67 67
68 68
69 69
70 70
71 71
72 72
73 73
74 74
75 75
76 76
77 77
78 78
79 79
80 80
81 81
82 82
83 83
84 84
85 85
86 86
87 87
88 88
89 89
90 90
91 91
92 92
93 93
94 94
95 95
96 96
97 97
98 98
99 99
100 100
101 101
102 102
103 103
104 104
105 105
106 106
107 107
108 108
109 109
110 110
111 111
112 112
113 113
114 114
115 115
116 116
117 117
118 118
119 119
120 120
121 121
122 122
123 123
124 124
125 125
126 126
127 26
130 1548
131 1563
132 1567
133 1611
134 65153
135 65154
136 63738
137 65165
138 65166
139 63739
140 65152
141 65155
142 65156
143 63737
144 65157
145 65163
146 65167
147 65169
148 64342
149 64344
150 65173
151 65175
152 65177
153 65179
154 65181
155 65183
156 64378
157 64380
158 215
159 65185
160 65187
161 65189
162 65191
163 65193
164 65195
165 65197
166 65199
167 64394
168 65201
169 65203
170 65205
171 65207
172 65209
173 65211
174 171
175 187
176 9617
177 9618
178 9619
179 9474
180 9508
181 65213
182 65215
183 65217
184 65219
185 9571
186 9553
187 9559
188 9565
189 164
190 65221
191 9488
192 9492
193 9524
194 9516
195 9500
196 9472
197 9532
198 65223
199 65225
200 9562
201 9556
202 9577
203 9574
204 9568
205 9552
206 9580
208 65226
209 65227
210 65228
211 65229
212 65230
213 65231
214 65232
215 65233
216 65235
217 9496
218 9484
219 9608
220 9604
221 65237
222 65239
223 9600
224 64398
225 65243
226 64402
227 64404
228 65245
229 65247
230 65249
231 65251
232 65253
233 65255
234 65261
235 65257
236 65259
237 65260
238 64420
239 64508
240 173
241 64509
242 64510
243 1600
244 1776
245 1777
246 1778
247 1779
248 1780
249 1781
250 1782
251 1783
252 1784
253 1785
254 9632
255 160

# Double Byte Codes
