# This file was auto-generated from "ibm-896_P100-1995.ucm"
# by "codepage-parser.pwn", (c) MPL 1.1, Alex "Y_Less" Cole, 2022.
#
# Lines with a single number denote bytes that are followed by a second byte to
# create a DCBS pair.
#
# Lines with two numbers are byte sequence to unicode equivalent.

# DBCS Lead Bytes

# Single Byte Codes
1 1
2 2
3 3
4 4
5 5
6 6
7 7
8 8
9 9
10 10
11 11
12 12
13 13
14 14
15 15
16 16
17 17
18 18
19 19
20 20
21 21
22 22
23 23
24 24
25 25
26 26
27 27
28 28
29 29
30 30
31 31
32 32
33 65377
34 65378
35 65379
36 65380
37 65381
38 65382
39 65383
40 65384
41 65385
42 65386
43 65387
44 65388
45 65389
46 65390
47 65391
48 65392
49 65393
50 65394
51 65395
52 65396
53 65397
54 65398
55 65399
56 65400
57 65401
58 65402
59 65403
60 65404
61 65405
62 65406
63 65407
64 65408
65 65409
66 65410
67 65411
68 65412
69 65413
70 65414
71 65415
72 65416
73 65417
74 65418
75 65419
76 65420
77 65421
78 65422
79 65423
80 65424
81 65425
82 65426
83 65427
84 65428
85 65429
86 65430
87 65431
88 65432
89 65433
90 65434
91 65435
92 65436
93 65437
94 65438
95 65439
96 162
97 163
98 172
99 92
100 126
127 127

# Double Byte Codes
