# This file was auto-generated from "ibm-1006_P100-1995.ucm"
# by "codepage-parser.pwn", (c) MPL 1.1, Alex "Y_Less" Cole, 2022.
#
# Lines with a single number denote bytes that are followed by a second byte to
# create a DCBS pair.
#
# Lines with two numbers are byte sequence to unicode equivalent.

# DBCS Lead Bytes

# Single Byte Codes
1 1
2 2
3 3
4 4
5 5
6 6
7 7
8 8
9 9
10 10
11 11
12 12
13 13
14 14
15 15
16 16
17 17
18 18
19 19
20 20
21 21
22 22
23 23
24 24
25 25
26 26
27 27
28 28
29 29
30 30
31 31
32 32
33 33
34 34
35 35
36 36
37 37
38 38
39 39
40 40
41 41
42 42
43 43
44 44
45 45
46 46
47 47
48 48
49 49
50 50
51 51
52 52
53 53
54 54
55 55
56 56
57 57
58 58
59 59
60 60
61 61
62 62
63 63
64 64
65 65
66 66
67 67
68 68
69 69
70 70
71 71
72 72
73 73
74 74
75 75
76 76
77 77
78 78
79 79
80 80
81 81
82 82
83 83
84 84
85 85
86 86
87 87
88 88
89 89
90 90
91 91
92 92
93 93
94 94
95 95
96 96
97 97
98 98
99 99
100 100
101 101
102 102
103 103
104 104
105 105
106 106
107 107
108 108
109 109
110 110
111 111
112 112
113 113
114 114
115 115
116 116
117 117
118 118
119 119
120 120
121 121
122 122
123 123
124 124
125 125
126 126
127 127
128 128
129 129
130 130
131 131
132 132
133 133
134 134
135 135
136 136
137 137
138 138
139 139
140 140
141 141
142 142
143 143
144 144
145 145
146 146
147 147
148 148
149 149
150 150
151 151
152 152
153 153
154 154
155 155
156 156
157 157
158 158
159 159
160 160
161 1776
162 1777
163 1778
164 1779
165 1780
166 1781
167 1782
168 1783
169 1784
170 1785
171 1548
172 1563
173 173
174 1567
175 65153
176 65165
177 65166
178 63739
179 65167
180 65169
181 64342
182 64344
183 65171
184 65173
185 65175
186 64358
187 64360
188 65177
189 65179
190 65181
191 65183
192 64378
193 64380
194 65185
195 65187
196 65189
197 65191
198 65193
199 64392
200 65195
201 65197
202 64396
203 65199
204 64394
205 65201
206 65203
207 65205
208 65207
209 65209
210 65211
211 65213
212 65215
213 65219
214 65223
215 65225
216 65226
217 65227
218 65228
219 65229
220 65230
221 65231
222 65232
223 65233
224 65235
225 65237
226 65239
227 64398
228 65243
229 64402
230 64404
231 65245
232 65247
233 65248
234 65249
235 65251
236 64414
237 65253
238 65255
239 65157
240 65261
241 64422
242 64424
243 64425
244 64426
245 65152
246 65161
247 65162
248 65163
249 64508
250 64509
251 64510
252 64432
253 64430
254 65148
255 65149

# Double Byte Codes
