# This file was auto-generated from "ibm-897_P100-1995.ucm"
# by "codepage-parser.pwn", (c) MPL 1.1, Alex "Y_Less" Cole, 2022.
#
# Lines with a single number denote bytes that are followed by a second byte to
# create a DCBS pair.
#
# Lines with two numbers are byte sequence to unicode equivalent.

# DBCS Lead Bytes

# Single Byte Codes
1 1
2 2
3 3
4 4
5 5
6 6
7 7
8 8
9 9
10 10
11 11
12 12
13 13
14 14
15 15
16 16
17 17
18 18
19 19
20 20
21 21
22 22
23 23
24 24
25 25
26 28
27 27
28 127
29 29
30 30
31 31
32 32
33 33
34 34
35 35
36 36
37 37
38 38
39 39
40 40
41 41
42 42
43 43
44 44
45 45
46 46
47 47
48 48
49 49
50 50
51 51
52 52
53 53
54 54
55 55
56 56
57 57
58 58
59 59
60 60
61 61
62 62
63 63
64 64
65 65
66 66
67 67
68 68
69 69
70 70
71 71
72 72
73 73
74 74
75 75
76 76
77 77
78 78
79 79
80 80
81 81
82 82
83 83
84 84
85 85
86 86
87 87
88 88
89 89
90 90
91 91
92 165
93 93
94 94
95 95
96 96
97 97
98 98
99 99
100 100
101 101
102 102
103 103
104 104
105 105
106 106
107 107
108 108
109 109
110 110
111 111
112 112
113 113
114 114
115 115
116 116
117 117
118 118
119 119
120 120
121 121
122 122
123 123
124 124
125 125
126 8254
127 26
161 65377
162 65378
163 65379
164 65380
165 65381
166 65382
167 65383
168 65384
169 65385
170 65386
171 65387
172 65388
173 65389
174 65390
175 65391
176 65392
177 65393
178 65394
179 65395
180 65396
181 65397
182 65398
183 65399
184 65400
185 65401
186 65402
187 65403
188 65404
189 65405
190 65406
191 65407
192 65408
193 65409
194 65410
195 65411
196 65412
197 65413
198 65414
199 65415
200 65416
201 65417
202 65418
203 65419
204 65420
205 65421
206 65422
207 65423
208 65424
209 65425
210 65426
211 65427
212 65428
213 65429
214 65430
215 65431
216 65432
217 65433
218 65434
219 65435
220 65436
221 65437
222 65438
223 65439

# Double Byte Codes
