# This file was auto-generated from "ibm-1156_P100-1999.ucm"
# by "codepage-parser.pwn", (c) MPL 1.1, Alex "Y_Less" Cole, 2022.
#
# Lines with a single number denote bytes that are followed by a second byte to
# create a DCBS pair.
#
# Lines with two numbers are byte sequence to unicode equivalent.

# DBCS Lead Bytes

# Single Byte Codes
1 1
2 2
3 3
4 156
5 9
6 134
7 127
8 151
9 141
10 142
11 11
12 12
13 13
14 14
15 15
16 16
17 17
18 18
19 19
20 157
21 133
22 8
23 135
24 24
25 25
26 146
27 143
28 28
29 29
30 30
31 31
32 128
33 129
34 130
35 131
36 132
37 10
38 23
39 27
40 136
41 137
42 138
43 139
44 140
45 5
46 6
47 7
48 144
49 145
50 22
51 147
52 148
53 149
54 150
55 4
56 152
57 153
58 154
59 155
60 20
61 21
62 158
63 26
64 32
65 160
66 353
67 228
68 261
69 303
70 363
71 229
72 275
73 382
74 162
75 46
76 60
77 40
78 43
79 124
80 38
81 233
82 281
83 279
84 269
85 371
86 8222
87 8220
88 291
89 223
90 33
91 36
92 42
93 41
94 59
95 172
96 45
97 47
98 352
99 196
100 260
101 302
102 362
103 197
104 274
105 381
106 166
107 44
108 37
109 95
110 62
111 63
112 248
113 201
114 280
115 278
116 268
117 370
118 298
119 315
120 290
121 96
122 58
123 35
124 64
125 39
126 61
127 34
128 216
129 97
130 98
131 99
132 100
133 101
134 102
135 103
136 104
137 105
138 171
139 187
140 257
141 380
142 324
143 177
144 176
145 106
146 107
147 108
148 109
149 110
150 111
151 112
152 113
153 114
154 342
155 343
156 230
157 311
158 198
159 8364
160 181
161 126
162 115
163 116
164 117
165 118
166 119
167 120
168 121
169 122
170 8221
171 378
172 256
173 379
174 323
175 174
176 94
177 163
178 299
179 183
180 169
181 167
182 182
183 188
184 189
185 190
186 91
187 93
188 377
189 310
190 316
191 215
192 123
193 65
194 66
195 67
196 68
197 69
198 70
199 71
200 72
201 73
202 173
203 333
204 246
205 326
206 243
207 245
208 125
209 74
210 75
211 76
212 77
213 78
214 79
215 80
216 81
217 82
218 185
219 263
220 252
221 322
222 347
223 8217
224 92
225 247
226 83
227 84
228 85
229 86
230 87
231 88
232 89
233 90
234 178
235 332
236 214
237 325
238 211
239 213
240 48
241 49
242 50
243 51
244 52
245 53
246 54
247 55
248 56
249 57
250 179
251 262
252 220
253 321
254 346
255 159

# Double Byte Codes
