# This file was auto-generated from "ibm-806_P100-1998.ucm"
# by "codepage-parser.pwn", (c) MPL 1.1, Alex "Y_Less" Cole, 2022.
#
# Lines with a single number denote bytes that are followed by a second byte to
# create a DCBS pair.
#
# Lines with two numbers are byte sequence to unicode equivalent.

# DBCS Lead Bytes

# Single Byte Codes
1 1
2 2
3 3
4 4
5 5
6 6
7 7
8 8
9 9
10 10
11 11
12 12
13 13
14 14
15 15
16 16
17 17
18 18
19 19
20 20
21 21
22 22
23 23
24 24
25 25
26 28
27 27
28 127
29 29
30 30
31 31
32 32
33 33
34 34
35 35
36 36
37 37
38 38
39 39
40 40
41 41
42 42
43 43
44 44
45 45
46 46
47 47
48 48
49 49
50 50
51 51
52 52
53 53
54 54
55 55
56 56
57 57
58 58
59 59
60 60
61 61
62 62
63 63
64 64
65 65
66 66
67 67
68 68
69 69
70 70
71 71
72 72
73 73
74 74
75 75
76 76
77 77
78 78
79 79
80 80
81 81
82 82
83 83
84 84
85 85
86 86
87 87
88 88
89 89
90 90
91 91
92 92
93 93
94 94
95 95
96 96
97 97
98 98
99 99
100 100
101 101
102 102
103 103
104 104
105 105
106 106
107 107
108 108
109 109
110 110
111 111
112 112
113 113
114 114
115 115
116 116
117 117
118 118
119 119
120 120
121 121
122 122
123 123
124 124
125 125
126 126
127 26
128 9474
129 9508
130 9571
131 9553
132 9559
133 9565
134 9488
135 9492
136 9524
137 9516
138 9500
139 9472
140 9532
141 9562
142 9556
143 9577
144 9574
145 9568
146 9552
147 9580
148 9496
149 9484
161 2305
162 2306
163 2307
164 2309
165 2310
166 2311
167 2312
168 2313
169 2314
170 2315
171 2318
172 2319
173 2320
174 2317
175 2322
176 2323
177 2324
178 2321
179 2325
180 2326
181 2327
182 2328
183 2329
184 2330
185 2331
186 2332
187 2333
188 2334
189 2335
190 2336
191 2337
192 2338
193 2339
194 2340
195 2341
196 2342
197 2343
198 2344
199 2345
200 2346
201 2347
202 2348
203 2349
204 2350
205 2351
206 2399
207 2352
208 2353
209 2354
210 2355
211 2356
212 2357
213 2358
214 2359
215 2360
216 2361
218 2366
219 2367
220 2368
221 2369
222 2370
223 2371
224 2374
225 2375
226 2376
227 2373
228 2378
229 2379
230 2380
231 2377
232 2381
233 2364
234 2404
241 2406
242 2407
243 2408
244 2409
245 2410
246 2411
247 2412
248 2413
249 2414
250 2415

# Double Byte Codes
