# This file was auto-generated from "ibm-4517_P100-2005.ucm"
# by "codepage-parser.pwn", (c) MPL 1.1, Alex "Y_Less" Cole, 2022.
#
# Lines with a single number denote bytes that are followed by a second byte to
# create a DCBS pair.
#
# Lines with two numbers are byte sequence to unicode equivalent.

# DBCS Lead Bytes

# Single Byte Codes
1 1
2 2
3 3
4 156
5 9
6 134
7 127
8 151
9 141
10 142
11 11
12 12
13 13
14 14
15 15
16 16
17 17
18 18
19 19
20 157
21 133
22 8
23 135
24 24
25 25
26 146
27 143
28 28
29 29
30 30
31 31
32 128
33 129
34 130
35 131
36 132
37 10
38 23
39 27
40 136
41 137
42 138
43 139
44 140
45 5
46 6
47 7
48 144
49 145
50 22
51 147
52 148
53 149
54 150
55 4
56 152
57 153
58 154
59 155
60 20
61 21
62 158
63 26
64 32
65 160
66 65148
67 65149
68 1600
69 8203
70 65152
71 65153
72 65154
73 65155
74 176
75 46
76 60
77 40
78 43
79 33
80 38
81 65156
82 65157
85 65163
86 65165
87 65166
88 65167
89 65169
90 167
91 36
92 42
93 41
94 59
95 94
96 45
97 47
98 65171
99 65173
100 65175
101 65177
102 65179
103 65181
104 65183
105 65185
106 250
107 44
108 37
109 95
110 62
111 63
112 65187
113 65189
114 65191
115 65193
116 65195
117 65197
118 65199
119 65201
120 65203
121 163
122 58
123 181
124 225
125 39
126 61
127 34
128 65205
129 97
130 98
131 99
132 100
133 101
134 102
135 103
136 104
137 105
138 65207
139 65209
140 65211
141 65213
142 65215
143 65219
144 65223
145 106
146 107
147 108
148 109
149 110
150 111
151 112
152 113
153 114
154 65225
155 65226
156 65227
157 65228
158 65229
159 65230
160 65231
161 168
162 115
163 116
164 117
165 118
166 119
167 120
168 121
169 122
170 65232
171 65233
172 65235
173 65237
174 65239
175 65241
176 65243
177 65245
178 65269
179 65270
180 65271
181 65272
184 65275
185 65276
186 65247
187 65249
188 65251
189 65253
190 65255
191 65257
192 233
193 65
194 66
195 67
196 68
197 69
198 70
199 71
200 72
201 73
202 173
203 65259
205 65260
207 65261
208 232
209 74
210 75
211 76
212 77
213 78
214 79
215 80
216 81
217 82
218 65263
219 65264
220 65265
221 65266
222 65267
224 231
225 8199
226 83
227 84
228 85
229 86
230 87
231 88
232 89
233 90
234 247
235 1548
237 215
238 1567
239 1563
240 48
241 49
242 50
243 51
244 52
245 53
246 54
247 55
248 56
249 57
255 159

# Double Byte Codes
