# This file was auto-generated from "ibm-1127_P100-2004.ucm"
# by "codepage-parser.pwn", (c) MPL 1.1, Alex "Y_Less" Cole, 2022.
#
# Lines with a single number denote bytes that are followed by a second byte to
# create a DCBS pair.
#
# Lines with two numbers are byte sequence to unicode equivalent.

# DBCS Lead Bytes

# Single Byte Codes
1 1
2 2
3 3
4 4
5 5
6 6
7 7
8 8
9 9
10 10
11 11
12 12
13 13
14 14
15 15
16 16
17 17
18 18
19 19
20 20
21 21
22 22
23 23
24 24
25 25
26 28
27 27
28 127
29 29
30 30
31 31
32 32
33 33
34 34
35 35
36 36
37 37
38 38
39 39
40 40
41 41
42 42
43 43
44 44
45 45
46 46
47 47
48 48
49 49
50 50
51 51
52 52
53 53
54 54
55 55
56 56
57 57
58 58
59 59
60 60
61 61
62 62
63 63
64 64
65 65
66 66
67 67
68 68
69 69
70 70
71 71
72 72
73 73
74 74
75 75
76 76
77 77
78 78
79 79
80 80
81 81
82 82
83 83
84 84
85 85
86 86
87 87
88 88
89 89
90 90
91 91
92 92
93 93
94 94
95 95
96 96
97 97
98 98
99 99
100 100
101 101
102 102
103 103
104 104
105 105
106 106
107 107
108 108
109 109
110 110
111 111
112 112
113 113
114 114
115 115
116 116
117 117
118 118
119 119
120 120
121 121
122 122
123 123
124 124
125 125
126 126
127 26
128 65160
129 65264
130 233
131 226
132 65267
133 224
134 65151
135 231
136 234
137 65137
138 232
139 239
140 238
141 215
142 247
143 172
144 65145
145 65147
146 65149
147 244
148 65143
149 65162
150 251
151 249
152 65266
153 65230
154 65231
155 65232
156 63734
157 63733
158 63732
159 63735
160 160
161 63738
162 63737
163 63736
164 164
165 63739
166 65163
167 65169
168 65175
169 65179
170 65183
171 65187
172 1548
173 173
174 65191
175 65203
176 1632
177 1633
178 1634
179 1635
180 1636
181 1637
182 1638
183 1639
184 1640
185 1641
186 65207
187 1563
188 65211
189 65215
190 65226
191 1567
192 65227
193 65152
194 65153
195 65155
196 65157
197 65159
198 65161
199 65165
200 65167
201 65171
202 65173
203 65177
204 65181
205 65185
206 65189
207 65193
208 65195
209 65197
210 65199
211 65201
212 65205
213 65209
214 65213
215 65219
216 65223
217 65225
218 65229
219 65228
220 65154
221 65156
222 65166
223 65235
224 1600
225 65233
226 65237
227 65241
228 65245
229 65249
230 65253
231 65259
232 65261
233 65263
234 65265
235 65136
236 65138
237 65140
238 65142
239 65144
240 65146
241 65148
242 65150
243 65239
244 65243
245 65247
246 65139
247 65270
248 65272
249 65274
250 65276
251 65251
252 65255
253 65260
254 65257
255 162

# Double Byte Codes
