# This file was auto-generated from "ibm-864_X120-2012.ucm"
# by "codepage-parser.pwn", (c) MPL 1.1, Alex "Y_Less" Cole, 2022.
#
# Lines with a single number denote bytes that are followed by a second byte to
# create a DCBS pair.
#
# Lines with two numbers are byte sequence to unicode equivalent.

# DBCS Lead Bytes

# Single Byte Codes
1 1
2 2
3 3
4 4
5 5
6 6
7 7
8 8
9 9
10 10
11 11
12 12
13 13
14 14
15 15
16 16
17 17
18 18
19 19
20 20
21 21
22 22
23 23
24 24
25 25
26 28
27 27
28 127
29 29
30 30
31 31
32 32
33 33
34 34
35 35
36 36
37 37
38 38
39 39
40 40
41 41
42 42
43 43
44 44
45 45
46 46
47 47
48 48
49 49
50 50
51 51
52 52
53 53
54 54
55 55
56 56
57 57
58 58
59 59
60 60
61 61
62 62
63 63
64 64
65 65
66 66
67 67
68 68
69 69
70 70
71 71
72 72
73 73
74 74
75 75
76 76
77 77
78 78
79 79
80 80
81 81
82 82
83 83
84 84
85 85
86 86
87 87
88 88
89 89
90 90
91 156
92 134
93 151
94 141
95 95
96 142
97 97
98 98
99 99
100 100
101 101
102 102
103 103
104 104
105 105
106 106
107 107
108 108
109 109
110 110
111 111
112 112
113 113
114 114
115 115
116 116
117 117
118 118
119 119
120 120
121 121
122 122
123 157
124 124
125 133
126 135
127 26
128 146
129 143
130 128
131 129
132 130
133 131
134 132
135 136
136 137
137 138
138 139
139 140
140 144
141 145
142 147
143 148
144 149
145 150
146 152
147 153
148 154
149 155
150 8776
151 171
153 65271
154 65272
157 65275
158 65276
159 8203
160 160
161 173
162 65154
163 163
164 164
165 65156
168 65166
169 1576
170 1578
171 1579
172 1548
173 1580
174 1581
175 1582
176 1632
177 1633
178 1634
179 1635
180 1636
181 1637
182 1638
183 1639
184 1640
185 1641
186 1601
187 1563
188 1587
189 1588
190 1589
191 1567
192 162
193 1569
194 1570
195 1571
196 1572
197 65226
198 1574
199 1575
200 65169
201 1577
202 65175
203 65179
204 65183
205 65187
206 65191
207 1583
208 1584
209 1585
210 1586
211 65203
212 65207
213 65211
214 65215
215 1591
216 1592
217 65227
218 65231
219 166
220 172
221 247
222 215
223 1593
224 1600
225 65235
226 65239
227 65243
228 65247
229 65251
230 65255
231 65259
232 1608
233 1609
234 65267
235 1590
236 65228
237 65230
238 1594
239 1605
240 65149
241 1617
242 1606
243 1607
244 65260
245 65264
246 65266
247 65232
248 1602
249 65269
250 65270
251 1604
252 1603
253 1610
254 158
255 159

# Double Byte Codes
