# This file was auto-generated from "ibm-293_P100-1995.ucm"
# by "codepage-parser.pwn", (c) MPL 1.1, Alex "Y_Less" Cole, 2022.
#
# Lines with a single number denote bytes that are followed by a second byte to
# create a DCBS pair.
#
# Lines with two numbers are byte sequence to unicode equivalent.

# DBCS Lead Bytes

# Single Byte Codes
1 1
2 2
3 3
4 156
5 9
6 134
7 127
8 151
9 141
10 142
11 11
12 12
13 13
14 14
15 15
16 16
17 17
18 18
19 19
20 157
21 133
22 8
23 135
24 24
25 25
26 146
27 143
28 28
29 29
30 30
31 31
32 128
33 129
34 130
35 131
36 132
37 10
38 23
39 27
40 136
41 137
42 138
43 139
44 140
45 5
46 6
47 7
48 144
49 145
50 22
51 147
52 148
53 149
54 150
55 4
56 152
57 153
58 154
59 155
60 20
61 21
62 158
63 26
64 32
65 63729
66 63727
67 63725
68 63723
69 63721
70 63719
71 63717
72 63715
73 63713
74 162
75 46
76 60
77 40
78 43
79 124
80 38
81 63711
82 63709
83 63707
84 63705
85 63703
86 63701
87 63699
88 63697
89 63695
90 33
91 36
92 42
93 41
94 59
95 172
96 45
97 47
98 63693
99 63691
100 63689
101 63687
102 63685
103 63683
104 63681
105 63679
106 166
107 44
108 37
109 95
110 62
111 63624
112 9674
113 94
114 168
115 9019
116 9080
117 9079
118 8866
119 8867
120 8744
121 96
122 58
123 35
124 64
125 39
126 61
127 34
128 63631
129 97
130 98
131 99
132 100
133 101
134 102
135 103
136 104
137 105
138 63627
139 63626
140 8804
141 8968
142 8970
143 63628
144 9647
145 106
146 107
147 108
148 109
149 110
150 111
151 112
152 113
153 114
154 8835
155 8834
157 63632
159 63629
160 175
161 126
162 115
163 116
164 117
165 118
166 119
167 120
168 121
169 122
170 8745
171 8746
172 8869
173 91
174 8805
175 8728
176 9082
177 8714
178 9075
179 9076
180 9077
182 215
183 63625
184 247
186 8711
187 8710
188 8868
189 93
190 8800
191 8739
192 123
193 65
194 66
195 67
196 68
197 69
198 70
199 71
200 72
201 73
202 9074
203 9073
204 9015
205 9021
206 9026
207 9033
208 125
209 74
210 75
211 76
212 77
213 78
214 79
215 80
216 81
217 82
218 9014
219 63630
220 9042
221 9035
222 9054
223 9053
224 92
225 8801
226 83
227 84
228 85
229 86
230 87
231 88
232 89
233 90
234 9023
235 9024
236 8757
237 8854
238 9017
239 9045
240 48
241 49
242 50
243 51
244 52
245 53
246 54
247 55
248 56
249 57
251 9067
252 9049
253 9055
254 9038
255 159

# Double Byte Codes
