# This file was auto-generated from "ibm-5049_P100-1995.ucm"
# by "codepage-parser.pwn", (c) MPL 1.1, Alex "Y_Less" Cole, 2022.
#
# Lines with a single number denote bytes that are followed by a second byte to
# create a DCBS pair.
#
# Lines with two numbers are byte sequence to unicode equivalent.

# DBCS Lead Bytes
162
166
167
169
170
171
176
177
178
179
180
181
182
183
184
185
186
187
188
189
190
191
192
193
194
195
196
197
198
199
200
201
202
203
204
205
206
207
208
209
210
211
212
213
214
215
216
217
218
219
220
221
222
223
224
225
226
227
228
229
230
231
232
233
234
235
236
237

# Single Byte Codes

# Double Byte Codes
41647 728
41648 711
41649 184
41650 729
41651 733
41652 175
41653 731
41654 730
41655 65374
41656 900
41657 901
41666 161
41667 166
41668 191
41707 186
41708 170
41709 169
41710 174
41711 8482
41712 164
41713 8470
42721 902
42722 904
42723 905
42724 906
42725 938
42727 908
42729 910
42730 939
42732 911
42737 940
42738 941
42739 942
42740 943
42741 970
42742 912
42743 972
42744 962
42745 973
42746 971
42747 944
42748 974
42946 1026
42947 1027
42948 1028
42949 1029
42950 1030
42951 1031
42952 1032
42953 1033
42954 1034
42955 1035
42956 1036
42957 1038
42958 1039
42994 1106
42995 1107
42996 1108
42997 1109
42998 1110
42999 1111
43000 1112
43001 1113
43002 1114
43003 1115
43004 1116
43005 1118
43006 1119
43425 198
43426 272
43428 294
43430 306
43432 321
43433 319
43435 330
43436 216
43437 338
43439 358
43440 222
43457 230
43458 273
43459 240
43460 295
43461 305
43462 307
43463 312
43464 322
43465 320
43466 329
43467 331
43468 248
43469 339
43470 223
43471 359
43472 254
43681 193
43682 192
43683 196
43684 194
43685 258
43686 461
43687 256
43688 260
43689 197
43690 195
43691 262
43692 264
43693 268
43694 199
43695 266
43696 270
43697 201
43698 200
43699 203
43700 202
43701 282
43702 278
43703 274
43704 280
43706 284
43707 286
43708 290
43709 288
43710 292
43711 205
43712 204
43713 207
43714 206
43715 463
43716 304
43717 298
43718 302
43719 296
43720 308
43721 310
43722 313
43723 317
43724 315
43725 323
43726 327
43727 325
43728 209
43729 211
43730 210
43731 214
43732 212
43733 465
43734 336
43735 332
43736 213
43737 340
43738 344
43739 342
43740 346
43741 348
43742 352
43743 350
43744 356
43745 354
43746 218
43747 217
43748 220
43749 219
43750 364
43751 467
43752 368
43753 362
43754 370
43755 366
43756 360
43757 471
43758 475
43759 473
43760 469
43761 372
43762 221
43763 376
43764 374
43765 377
43766 381
43767 379
43937 225
43938 224
43939 228
43940 226
43941 259
43942 462
43943 257
43944 261
43945 229
43946 227
43947 263
43948 265
43949 269
43950 231
43951 267
43952 271
43953 233
43954 232
43955 235
43956 234
43957 283
43958 279
43959 275
43960 281
43961 501
43962 285
43963 287
43965 289
43966 293
43967 237
43968 236
43969 239
43970 238
43971 464
43973 299
43974 303
43975 297
43976 309
43977 311
43978 314
43979 318
43980 316
43981 324
43982 328
43983 326
43984 241
43985 243
43986 242
43987 246
43988 244
43989 466
43990 337
43991 333
43992 245
43993 341
43994 345
43995 343
43996 347
43997 349
43998 353
43999 351
44000 357
44001 355
44002 250
44003 249
44004 252
44005 251
44006 365
44007 468
44008 369
44009 363
44010 371
44011 367
44012 361
44013 472
44014 476
44015 474
44016 470
44017 373
44018 253
44019 255
44020 375
44021 378
44022 382
44023 380
45217 19970
45218 19972
45219 19973
45220 19980
45221 19986
45222 19999
45223 20003
45224 20004
45225 20008
45226 20011
45227 20014
45228 20015
45229 20016
45230 20021
45231 20032
45232 20033
45233 20036
45234 20039
45235 20049
45236 20058
45237 20060
45238 20067
45239 20072
45240 20073
45241 20084
45242 20085
45243 20089
45244 20095
45245 20109
45246 20118
45247 20119
45248 20125
45249 20143
45250 20153
45251 20163
45252 20176
45253 20186
45254 20187
45255 20192
45256 20193
45257 20194
45258 20200
45259 20207
45260 20209
45261 20211
45262 20213
45263 20221
45264 20222
45265 20223
45266 20224
45267 20226
45268 20227
45269 20232
45270 20235
45271 20236
45272 20242
45273 20245
45274 20246
45275 20247
45276 20249
45277 20270
45278 20273
45279 20320
45280 20275
45281 20277
45282 20279
45283 20281
45284 20283
45285 20286
45286 20288
45287 20290
45288 20296
45289 20297
45290 20299
45291 20300
45292 20306
45293 20308
45294 20310
45295 20312
45296 20319
45297 20323
45298 20330
45299 20332
45300 20334
45301 20337
45302 20343
45303 20344
45304 20345
45305 20346
45306 20349
45307 20350
45308 20353
45309 20354
45310 20356
45473 20357
45474 20361
45475 20362
45476 20364
45477 20366
45478 20368
45479 20370
45480 20371
45481 20372
45482 20375
45483 20377
45484 20378
45485 20382
45486 20383
45487 20402
45488 20407
45489 20409
45490 20411
45491 20412
45492 20413
45493 20414
45494 20416
45495 20417
45496 20421
45497 20422
45498 20424
45499 20425
45500 20427
45501 20428
45502 20429
45503 20431
45504 20434
45505 20444
45506 20448
45507 20450
45508 20464
45509 20466
45510 20476
45511 20477
45512 20479
45513 20480
45514 20481
45515 20484
45516 20487
45517 20490
45518 20492
45519 20494
45520 20496
45521 20499
45522 20503
45523 20504
45524 20507
45525 20508
45526 20509
45527 20510
45528 20514
45529 20519
45530 20526
45531 20528
45532 20530
45533 20531
45534 20533
45535 20544
45536 20545
45537 20546
45538 20549
45539 20550
45540 20554
45541 20556
45542 20558
45543 20561
45544 20562
45545 20563
45546 20567
45547 20569
45548 20575
45549 20576
45550 20578
45551 20579
45552 20582
45553 20583
45554 20586
45555 20589
45556 20592
45557 20593
45558 20539
45559 20609
45560 20611
45561 20612
45562 20614
45563 20618
45564 20622
45565 20623
45566 20624
45729 20626
45730 20627
45731 20628
45732 20630
45733 20635
45734 20636
45735 20638
45736 20639
45737 20640
45738 20641
45739 20642
45740 20650
45741 20655
45742 20656
45743 20665
45744 20666
45745 20669
45746 20672
45747 20675
45748 20676
45749 20679
45750 20684
45751 20686
45752 20688
45753 20691
45754 20692
45755 20696
45756 20700
45757 20701
45758 20703
45759 20706
45760 20708
45761 20710
45762 20712
45763 20713
45764 20719
45765 20721
45766 20726
45767 20730
45768 20734
45769 20739
45770 20742
45771 20743
45772 20744
45773 20747
45774 20748
45775 20749
45776 20750
45777 20722
45778 20752
45779 20759
45780 20761
45781 20763
45782 20764
45783 20765
45784 20766
45785 20771
45786 20775
45787 20776
45788 20780
45789 20781
45790 20783
45791 20785
45792 20787
45793 20788
45794 20789
45795 20792
45796 20793
45797 20802
45798 20810
45799 20815
45800 20819
45801 20821
45802 20823
45803 20824
45804 20831
45805 20836
45806 20838
45807 20862
45808 20867
45809 20868
45810 20875
45811 20878
45812 20888
45813 20893
45814 20897
45815 20899
45816 20909
45817 20920
45818 20922
45819 20924
45820 20926
45821 20927
45822 20930
45985 20936
45986 20943
45987 20945
45988 20946
45989 20947
45990 20949
45991 20952
45992 20958
45993 20962
45994 20965
45995 20974
45996 20978
45997 20979
45998 20980
45999 20983
46000 20993
46001 20994
46002 20997
46003 21010
46004 21011
46005 21013
46006 21014
46007 21016
46008 21026
46009 21032
46010 21041
46011 21042
46012 21045
46013 21052
46014 21061
46015 21065
46016 21077
46017 21079
46018 21080
46019 21082
46020 21084
46021 21087
46022 21088
46023 21089
46024 21094
46025 21102
46026 21111
46027 21112
46028 21113
46029 21120
46030 21122
46031 21125
46032 21130
46033 21132
46034 21139
46035 21141
46036 21142
46037 21143
46038 21144
46039 21146
46040 21148
46041 21156
46042 21157
46043 21158
46044 21159
46045 21167
46046 21168
46047 21174
46048 21175
46049 21176
46050 21178
46051 21179
46052 21181
46053 21184
46054 21188
46055 21190
46056 21192
46057 21196
46058 21199
46059 21201
46060 21204
46061 21206
46062 21211
46063 21212
46064 21217
46065 21221
46066 21224
46067 21225
46068 21226
46069 21228
46070 21232
46071 21233
46072 21236
46073 21238
46074 21239
46075 21248
46076 21251
46077 21258
46078 21259
46241 21260
46242 21265
46243 21267
46244 21272
46245 21275
46246 21276
46247 21278
46248 21279
46249 21285
46250 21287
46251 21288
46252 21289
46253 21291
46254 21292
46255 21293
46256 21296
46257 21298
46258 21301
46259 21308
46260 21309
46261 21310
46262 21314
46263 21324
46264 21323
46265 21337
46266 21339
46267 21345
46268 21347
46269 21349
46270 21356
46271 21357
46272 21362
46273 21369
46274 21374
46275 21379
46276 21383
46277 21384
46278 21390
46279 21395
46280 21396
46281 21401
46282 21405
46283 21409
46284 21412
46285 21418
46286 21419
46287 21423
46288 21426
46289 21428
46290 21429
46291 21431
46292 21432
46293 21434
46294 21437
46295 21440
46296 21445
46297 21455
46298 21458
46299 21459
46300 21461
46301 21466
46302 21469
46303 21470
46304 21472
46305 21478
46306 21479
46307 21493
46308 21506
46309 21523
46310 21530
46311 21537
46312 21543
46313 21544
46314 21546
46315 21551
46316 21553
46317 21556
46318 21557
46319 21571
46320 21572
46321 21575
46322 21581
46323 21583
46324 21598
46325 21602
46326 21604
46327 21606
46328 21607
46329 21609
46330 21611
46331 21613
46332 21614
46333 21620
46334 21631
46497 21633
46498 21635
46499 21637
46500 21640
46501 21641
46502 21645
46503 21649
46504 21653
46505 21654
46506 21660
46507 21663
46508 21665
46509 21670
46510 21671
46511 21673
46512 21674
46513 21677
46514 21678
46515 21681
46516 21687
46517 21689
46518 21690
46519 21691
46520 21695
46521 21702
46522 21706
46523 21709
46524 21710
46525 21728
46526 21738
46527 21740
46528 21743
46529 21750
46530 21756
46531 21758
46532 21759
46533 21760
46534 21761
46535 21765
46536 21768
46537 21769
46538 21772
46539 21773
46540 21774
46541 21781
46542 21802
46543 21803
46544 21810
46545 21813
46546 21814
46547 21819
46548 21820
46549 21821
46550 21825
46551 21831
46552 21833
46553 21834
46554 21837
46555 21840
46556 21841
46557 21848
46558 21850
46559 21851
46560 21854
46561 21856
46562 21857
46563 21860
46564 21862
46565 21887
46566 21889
46567 21890
46568 21894
46569 21896
46570 21902
46571 21903
46572 21905
46573 21906
46574 21907
46575 21908
46576 21911
46577 21923
46578 21924
46579 21933
46580 21938
46581 21951
46582 21953
46583 21955
46584 21958
46585 21961
46586 21963
46587 21964
46588 21966
46589 21969
46590 21970
46753 21971
46754 21975
46755 21976
46756 21979
46757 21982
46758 21986
46759 21993
46760 22006
46761 22015
46762 22021
46763 22024
46764 22026
46765 22029
46766 22030
46767 22031
46768 22032
46769 22033
46770 22034
46771 22041
46772 22060
46773 22064
46774 22067
46775 22069
46776 22071
46777 22073
46778 22075
46779 22076
46780 22077
46781 22079
46782 22080
46783 22081
46784 22083
46785 22084
46786 22086
46787 22089
46788 22091
46789 22093
46790 22095
46791 22100
46792 22110
46793 22112
46794 22113
46795 22114
46796 22115
46797 22118
46798 22121
46799 22125
46800 22127
46801 22129
46802 22130
46803 22133
46804 22148
46805 22149
46806 22152
46807 22155
46808 22156
46809 22165
46810 22169
46811 22170
46812 22173
46813 22174
46814 22175
46815 22182
46816 22183
46817 22184
46818 22185
46819 22187
46820 22188
46821 22189
46822 22193
46823 22195
46824 22199
46825 22206
46826 22213
46827 22217
46828 22218
46829 22219
46830 22223
46831 22224
46832 22220
46833 22221
46834 22233
46835 22236
46836 22237
46837 22239
46838 22241
46839 22244
46840 22245
46841 22246
46842 22247
46843 22248
46844 22257
46845 22251
46846 22253
47009 22262
47010 22263
47011 22273
47012 22274
47013 22279
47014 22282
47015 22284
47016 22289
47017 22293
47018 22298
47019 22299
47020 22301
47021 22304
47022 22306
47023 22307
47024 22308
47025 22309
47026 22313
47027 22314
47028 22316
47029 22318
47030 22319
47031 22323
47032 22324
47033 22333
47034 22334
47035 22335
47036 22341
47037 22342
47038 22348
47039 22349
47040 22354
47041 22370
47042 22373
47043 22375
47044 22376
47045 22379
47046 22381
47047 22382
47048 22383
47049 22384
47050 22385
47051 22387
47052 22388
47053 22389
47054 22391
47055 22393
47056 22394
47057 22395
47058 22396
47059 22398
47060 22401
47061 22403
47062 22412
47063 22420
47064 22423
47065 22425
47066 22426
47067 22428
47068 22429
47069 22430
47070 22431
47071 22433
47072 22421
47073 22439
47074 22440
47075 22441
47076 22444
47077 22456
47078 22461
47079 22471
47080 22472
47081 22476
47082 22479
47083 22485
47084 22493
47085 22494
47086 22500
47087 22502
47088 22503
47089 22505
47090 22509
47091 22512
47092 22517
47093 22518
47094 22520
47095 22525
47096 22526
47097 22527
47098 22531
47099 22532
47100 22536
47101 22537
47102 22497
47265 22540
47266 22541
47267 22555
47268 22558
47269 22559
47270 22560
47271 22566
47272 22567
47273 22573
47274 22578
47275 22585
47276 22591
47277 22601
47278 22604
47279 22605
47280 22607
47281 22608
47282 22613
47283 22623
47284 22625
47285 22628
47286 22631
47287 22632
47288 22648
47289 22652
47290 22655
47291 22656
47292 22657
47293 22663
47294 22664
47295 22665
47296 22666
47297 22668
47298 22669
47299 22671
47300 22672
47301 22676
47302 22678
47303 22685
47304 22688
47305 22689
47306 22690
47307 22694
47308 22697
47309 22705
47310 22706
47311 22724
47312 22716
47313 22722
47314 22728
47315 22733
47316 22734
47317 22736
47318 22738
47319 22740
47320 22742
47321 22746
47322 22749
47323 22753
47324 22754
47325 22761
47326 22771
47327 22789
47328 22790
47329 22795
47330 22796
47331 22802
47332 22803
47333 22804
47334 34369
47335 22813
47336 22817
47337 22819
47338 22820
47339 22824
47340 22831
47341 22832
47342 22835
47343 22837
47344 22838
47345 22847
47346 22851
47347 22854
47348 22866
47349 22867
47350 22873
47351 22875
47352 22877
47353 22878
47354 22879
47355 22881
47356 22883
47357 22891
47358 22893
47521 22895
47522 22898
47523 22901
47524 22902
47525 22905
47526 22907
47527 22908
47528 22923
47529 22924
47530 22926
47531 22930
47532 22933
47533 22935
47534 22943
47535 22948
47536 22951
47537 22957
47538 22958
47539 22959
47540 22960
47541 22963
47542 22967
47543 22970
47544 22972
47545 22977
47546 22979
47547 22980
47548 22984
47549 22986
47550 22989
47551 22994
47552 23005
47553 23006
47554 23007
47555 23011
47556 23012
47557 23015
47558 23022
47559 23023
47560 23025
47561 23026
47562 23028
47563 23031
47564 23040
47565 23044
47566 23052
47567 23053
47568 23054
47569 23058
47570 23059
47571 23070
47572 23075
47573 23076
47574 23079
47575 23080
47576 23082
47577 23085
47578 23088
47579 23108
47580 23109
47581 23111
47582 23112
47583 23116
47584 23120
47585 23125
47586 23134
47587 23139
47588 23141
47589 23143
47590 23149
47591 23159
47592 23162
47593 23163
47594 23166
47595 23179
47596 23184
47597 23187
47598 23190
47599 23193
47600 23196
47601 23198
47602 23199
47603 23200
47604 23202
47605 23207
47606 23212
47607 23217
47608 23218
47609 23219
47610 23221
47611 23224
47612 23226
47613 23227
47614 23231
47777 23236
47778 23238
47779 23240
47780 23247
47781 23258
47782 23260
47783 23264
47784 23269
47785 23274
47786 23278
47787 23285
47788 23286
47789 23293
47790 23296
47791 23297
47792 23304
47793 23319
47794 23348
47795 23321
47796 23323
47797 23325
47798 23329
47799 23333
47800 23341
47801 23352
47802 23361
47803 23371
47804 23372
47805 23378
47806 23382
47807 23390
47808 23400
47809 23406
47810 23407
47811 23420
47812 23421
47813 23422
47814 23423
47815 23425
47816 23428
47817 23430
47818 23434
47819 23438
47820 23440
47821 23441
47822 23443
47823 23444
47824 23446
47825 23464
47826 23465
47827 23468
47828 23469
47829 23471
47830 23473
47831 23474
47832 23479
47833 23482
47834 23484
47835 23488
47836 23489
47837 23501
47838 23503
47839 23510
47840 23511
47841 23512
47842 23513
47843 23514
47844 23520
47845 23535
47846 23537
47847 23540
47848 23549
47849 23564
47850 23575
47851 23582
47852 23583
47853 23587
47854 23590
47855 23593
47856 23595
47857 23596
47858 23598
47859 23600
47860 23602
47861 23605
47862 23606
47863 23641
47864 23642
47865 23644
47866 23650
47867 23651
47868 23655
47869 23656
47870 23657
48033 23661
48034 23664
48035 23668
48036 23669
48037 23674
48038 23675
48039 23676
48040 23677
48041 23687
48042 23688
48043 23690
48044 23695
48045 23698
48046 23709
48047 23711
48048 23712
48049 23714
48050 23715
48051 23718
48052 23722
48053 23730
48054 23732
48055 23733
48056 23738
48057 23753
48058 23755
48059 23762
48060 23773
48061 23767
48062 23790
48063 23793
48064 23794
48065 23796
48066 23809
48067 23814
48068 23821
48069 23826
48070 23851
48071 23843
48072 23844
48073 23846
48074 23847
48075 23857
48076 23860
48077 23865
48078 23869
48079 23871
48080 23874
48081 23875
48082 23878
48083 23880
48084 23893
48085 23889
48086 23897
48087 23882
48088 23903
48089 23904
48090 23905
48091 23906
48092 23908
48093 23914
48094 23917
48095 23920
48096 23929
48097 23930
48098 23934
48099 23935
48100 23937
48101 23939
48102 23944
48103 23946
48104 23954
48105 23955
48106 23956
48107 23957
48108 23961
48109 23963
48110 23967
48111 23968
48112 23975
48113 23979
48114 23984
48115 23988
48116 23992
48117 23993
48118 24003
48119 24007
48120 24011
48121 24016
48122 24014
48123 24024
48124 24025
48125 24032
48126 24036
48289 24041
48290 24056
48291 24057
48292 24064
48293 24071
48294 24077
48295 24082
48296 24084
48297 24085
48298 24088
48299 24095
48300 24096
48301 24110
48302 24104
48303 24114
48304 24117
48305 24126
48306 24139
48307 24144
48308 24137
48309 24145
48310 24150
48311 24152
48312 24155
48313 24156
48314 24158
48315 24168
48316 24170
48317 24171
48318 24172
48319 24173
48320 24174
48321 24176
48322 24192
48323 24203
48324 24206
48325 24226
48326 24228
48327 24229
48328 24232
48329 24234
48330 24236
48331 24241
48332 24243
48333 24253
48334 24254
48335 24255
48336 24262
48337 24268
48338 24267
48339 24270
48340 24273
48341 24274
48342 24276
48343 24277
48344 24284
48345 24286
48346 24293
48347 24299
48348 24322
48349 24326
48350 24327
48351 24328
48352 24334
48353 24345
48354 24348
48355 24349
48356 24353
48357 24354
48358 24355
48359 24356
48360 24360
48361 24363
48362 24364
48363 24366
48364 24368
48365 24372
48366 24374
48367 24379
48368 24381
48369 24383
48370 24384
48371 24388
48372 24389
48373 24391
48374 24397
48375 24400
48376 24404
48377 24408
48378 24411
48379 24416
48380 24419
48381 24420
48382 24423
48545 24431
48546 24434
48547 24436
48548 24437
48549 24440
48550 24442
48551 24445
48552 24446
48553 24457
48554 24461
48555 24463
48556 24470
48557 24476
48558 24477
48559 24482
48560 24487
48561 24491
48562 24484
48563 24492
48564 24495
48565 24496
48566 24497
48567 24504
48568 24516
48569 24519
48570 24520
48571 24521
48572 24523
48573 24528
48574 24529
48575 24530
48576 24531
48577 24532
48578 24542
48579 24545
48580 24546
48581 24552
48582 24553
48583 24554
48584 24556
48585 24557
48586 24558
48587 24559
48588 24562
48589 24563
48590 24566
48591 24570
48592 24572
48593 24583
48594 24586
48595 24589
48596 24595
48597 24596
48598 24599
48599 24600
48600 24602
48601 24607
48602 24612
48603 24621
48604 24627
48605 24629
48606 24640
48607 24647
48608 24648
48609 24649
48610 24652
48611 24657
48612 24660
48613 24662
48614 24663
48615 24669
48616 24673
48617 24679
48618 24689
48619 24702
48620 24703
48621 24706
48622 24710
48623 24712
48624 24714
48625 24718
48626 24721
48627 24723
48628 24725
48629 24728
48630 24733
48631 24734
48632 24738
48633 24740
48634 24741
48635 24744
48636 24752
48637 24753
48638 24759
48801 24763
48802 24766
48803 24770
48804 24772
48805 24776
48806 24777
48807 24778
48808 24779
48809 24782
48810 24783
48811 24788
48812 24789
48813 24793
48814 24795
48815 24797
48816 24798
48817 24802
48818 24805
48819 24818
48820 24821
48821 24824
48822 24828
48823 24829
48824 24834
48825 24839
48826 24842
48827 24844
48828 24848
48829 24849
48830 24850
48831 24851
48832 24852
48833 24854
48834 24855
48835 24857
48836 24860
48837 24862
48838 24866
48839 24874
48840 24875
48841 24880
48842 24881
48843 24885
48844 24886
48845 24887
48846 24889
48847 24897
48848 24901
48849 24902
48850 24905
48851 24926
48852 24928
48853 24940
48854 24946
48855 24952
48856 24955
48857 24956
48858 24959
48859 24960
48860 24961
48861 24963
48862 24964
48863 24971
48864 24973
48865 24978
48866 24979
48867 24983
48868 24984
48869 24988
48870 24989
48871 24991
48872 24992
48873 24997
48874 25000
48875 25002
48876 25005
48877 25016
48878 25017
48879 25020
48880 25024
48881 25025
48882 25026
48883 25038
48884 25039
48885 25045
48886 25052
48887 25053
48888 25054
48889 25055
48890 25057
48891 25058
48892 25063
48893 25065
48894 25061
49057 25068
49058 25069
49059 25071
49060 25089
49061 25091
49062 25092
49063 25095
49064 25107
49065 25109
49066 25116
49067 25120
49068 25122
49069 25123
49070 25127
49071 25129
49072 25131
49073 25145
49074 25149
49075 25154
49076 25155
49077 25156
49078 25158
49079 25164
49080 25168
49081 25169
49082 25170
49083 25172
49084 25174
49085 25178
49086 25180
49087 25188
49088 25197
49089 25199
49090 25203
49091 25210
49092 25213
49093 25229
49094 25230
49095 25231
49096 25232
49097 25254
49098 25256
49099 25267
49100 25270
49101 25271
49102 25274
49103 25278
49104 25279
49105 25284
49106 25294
49107 25301
49108 25302
49109 25306
49110 25322
49111 25330
49112 25332
49113 25340
49114 25341
49115 25347
49116 25348
49117 25354
49118 25355
49119 25357
49120 25360
49121 25363
49122 25366
49123 25368
49124 25385
49125 25386
49126 25389
49127 25397
49128 25398
49129 25401
49130 25404
49131 25409
49132 25410
49133 25411
49134 25412
49135 25414
49136 25418
49137 25419
49138 25422
49139 25426
49140 25427
49141 25428
49142 25432
49143 25435
49144 25445
49145 25446
49146 25452
49147 25453
49148 25457
49149 25460
49150 25461
49313 25464
49314 25468
49315 25469
49316 25471
49317 25474
49318 25476
49319 25479
49320 25482
49321 25488
49322 25492
49323 25493
49324 25497
49325 25498
49326 25502
49327 25508
49328 25510
49329 25517
49330 25518
49331 25519
49332 25533
49333 25537
49334 25541
49335 25544
49336 25550
49337 25553
49338 25555
49339 25556
49340 25557
49341 25564
49342 25568
49343 25573
49344 25578
49345 25580
49346 25586
49347 25587
49348 25589
49349 25592
49350 25593
49351 25609
49352 25610
49353 25616
49354 25618
49355 25620
49356 25624
49357 25630
49358 25632
49359 25634
49360 25636
49361 25637
49362 25641
49363 25642
49364 25647
49365 25648
49366 25653
49367 25661
49368 25663
49369 25675
49370 25679
49371 25681
49372 25682
49373 25683
49374 25684
49375 25690
49376 25691
49377 25692
49378 25693
49379 25695
49380 25696
49381 25697
49382 25699
49383 25709
49384 25715
49385 25716
49386 25723
49387 25725
49388 25733
49389 25735
49390 25743
49391 25744
49392 25745
49393 25752
49394 25753
49395 25755
49396 25757
49397 25759
49398 25761
49399 25763
49400 25766
49401 25768
49402 25772
49403 25779
49404 25789
49405 25790
49406 25791
49569 25796
49570 25801
49571 25802
49572 25803
49573 25804
49574 25806
49575 25808
49576 25809
49577 25813
49578 25815
49579 25828
49580 25829
49581 25833
49582 25834
49583 25837
49584 25840
49585 25845
49586 25847
49587 25851
49588 25855
49589 25857
49590 25860
49591 25864
49592 25865
49593 25866
49594 25871
49595 25875
49596 25876
49597 25878
49598 25881
49599 25883
49600 25886
49601 25887
49602 25890
49603 25894
49604 25897
49605 25902
49606 25905
49607 25914
49608 25916
49609 25917
49610 25923
49611 25927
49612 25929
49613 25936
49614 25938
49615 25940
49616 25951
49617 25952
49618 25959
49619 25963
49620 25978
49621 25981
49622 25985
49623 25989
49624 25994
49625 26002
49626 26005
49627 26008
49628 26013
49629 26016
49630 26019
49631 26022
49632 26030
49633 26034
49634 26035
49635 26036
49636 26047
49637 26050
49638 26056
49639 26057
49640 26062
49641 26064
49642 26068
49643 26070
49644 26072
49645 26079
49646 26096
49647 26098
49648 26100
49649 26101
49650 26105
49651 26110
49652 26111
49653 26112
49654 26116
49655 26120
49656 26121
49657 26125
49658 26129
49659 26130
49660 26133
49661 26134
49662 26141
49825 26142
49826 26145
49827 26146
49828 26147
49829 26148
49830 26150
49831 26153
49832 26154
49833 26155
49834 26156
49835 26158
49836 26160
49837 26161
49838 26163
49839 26169
49840 26167
49841 26176
49842 26181
49843 26182
49844 26186
49845 26188
49846 26193
49847 26190
49848 26199
49849 26200
49850 26201
49851 26203
49852 26204
49853 26208
49854 26209
49855 26363
49856 26218
49857 26219
49858 26220
49859 26238
49860 26227
49861 26229
49862 26239
49863 26231
49864 26232
49865 26233
49866 26235
49867 26240
49868 26236
49869 26251
49870 26252
49871 26253
49872 26256
49873 26258
49874 26265
49875 26266
49876 26267
49877 26268
49878 26271
49879 26272
49880 26276
49881 26285
49882 26289
49883 26290
49884 26293
49885 26299
49886 26303
49887 26304
49888 26306
49889 26307
49890 26312
49891 26316
49892 26318
49893 26319
49894 26324
49895 26331
49896 26335
49897 26344
49898 26347
49899 26348
49900 26350
49901 26362
49902 26373
49903 26375
49904 26382
49905 26387
49906 26393
49907 26396
49908 26400
49909 26402
49910 26419
49911 26430
49912 26437
49913 26439
49914 26440
49915 26444
49916 26452
49917 26453
49918 26461
50081 26470
50082 26476
50083 26478
50084 26484
50085 26486
50086 26491
50087 26497
50088 26500
50089 26510
50090 26511
50091 26513
50092 26515
50093 26518
50094 26520
50095 26521
50096 26523
50097 26544
50098 26545
50099 26546
50100 26549
50101 26555
50102 26556
50103 26557
50104 26617
50105 26560
50106 26562
50107 26563
50108 26565
50109 26568
50110 26569
50111 26578
50112 26583
50113 26585
50114 26588
50115 26593
50116 26598
50117 26608
50118 26610
50119 26614
50120 26615
50121 26706
50122 26644
50123 26649
50124 26653
50125 26655
50126 26664
50127 26663
50128 26668
50129 26669
50130 26671
50131 26672
50132 26673
50133 26675
50134 26683
50135 26687
50136 26692
50137 26693
50138 26698
50139 26700
50140 26709
50141 26711
50142 26712
50143 26715
50144 26731
50145 26734
50146 26735
50147 26736
50148 26737
50149 26738
50150 26741
50151 26745
50152 26746
50153 26747
50154 26748
50155 26754
50156 26756
50157 26758
50158 26760
50159 26774
50160 26776
50161 26778
50162 26780
50163 26785
50164 26787
50165 26789
50166 26793
50167 26794
50168 26798
50169 26802
50170 26811
50171 26821
50172 26824
50173 26828
50174 26831
50337 26832
50338 26833
50339 26835
50340 26838
50341 26841
50342 26844
50343 26845
50344 26853
50345 26856
50346 26858
50347 26859
50348 26860
50349 26861
50350 26864
50351 26865
50352 26869
50353 26870
50354 26875
50355 26876
50356 26877
50357 26886
50358 26889
50359 26890
50360 26896
50361 26897
50362 26899
50363 26902
50364 26903
50365 26929
50366 26931
50367 26933
50368 26936
50369 26939
50370 26946
50371 26949
50372 26953
50373 26958
50374 26967
50375 26971
50376 26979
50377 26980
50378 26981
50379 26982
50380 26984
50381 26985
50382 26988
50383 26992
50384 26993
50385 26994
50386 27002
50387 27003
50388 27007
50389 27008
50390 27021
50391 27026
50392 27030
50393 27032
50394 27041
50395 27045
50396 27046
50397 27048
50398 27051
50399 27053
50400 27055
50401 27063
50402 27064
50403 27066
50404 27068
50405 27077
50406 27080
50407 27089
50408 27094
50409 27095
50410 27106
50411 27109
50412 27118
50413 27119
50414 27121
50415 27123
50416 27125
50417 27134
50418 27136
50419 27137
50420 27139
50421 27151
50422 27153
50423 27157
50424 27162
50425 27165
50426 27168
50427 27172
50428 27176
50429 27184
50430 27186
50593 27188
50594 27191
50595 27195
50596 27198
50597 27199
50598 27205
50599 27206
50600 27209
50601 27210
50602 27214
50603 27216
50604 27217
50605 27218
50606 27221
50607 27222
50608 27227
50609 27236
50610 27239
50611 27242
50612 27249
50613 27251
50614 27262
50615 27265
50616 27267
50617 27270
50618 27271
50619 27273
50620 27275
50621 27281
50622 27291
50623 27293
50624 27294
50625 27295
50626 27301
50627 27307
50628 27311
50629 27312
50630 27313
50631 27316
50632 27325
50633 27326
50634 27327
50635 27334
50636 27337
50637 27336
50638 27340
50639 27344
50640 27348
50641 27349
50642 27350
50643 27356
50644 27357
50645 27364
50646 27367
50647 27372
50648 27376
50649 27377
50650 27378
50651 27388
50652 27389
50653 27394
50654 27395
50655 27398
50656 27399
50657 27401
50658 27407
50659 27408
50660 27409
50661 27415
50662 27419
50663 27422
50664 27428
50665 27432
50666 27435
50667 27436
50668 27439
50669 27445
50670 27446
50671 27451
50672 27455
50673 27462
50674 27466
50675 27469
50676 27474
50677 27478
50678 27480
50679 27485
50680 27488
50681 27495
50682 27499
50683 27502
50684 27504
50685 27509
50686 27517
50849 27518
50850 27522
50851 27525
50852 27543
50853 27547
50854 27551
50855 27552
50856 27554
50857 27555
50858 27560
50859 27561
50860 27564
50861 27565
50862 27566
50863 27568
50864 27576
50865 27577
50866 27581
50867 27582
50868 27587
50869 27588
50870 27593
50871 27596
50872 27606
50873 27610
50874 27617
50875 27619
50876 27622
50877 27623
50878 27630
50879 27633
50880 27639
50881 27641
50882 27647
50883 27650
50884 27652
50885 27653
50886 27657
50887 27661
50888 27662
50889 27664
50890 27666
50891 27673
50892 27679
50893 27686
50894 27687
50895 27688
50896 27692
50897 27694
50898 27699
50899 27701
50900 27702
50901 27706
50902 27707
50903 27711
50904 27722
50905 27723
50906 27725
50907 27727
50908 27730
50909 27732
50910 27737
50911 27739
50912 27740
50913 27755
50914 27757
50915 27759
50916 27764
50917 27766
50918 27768
50919 27769
50920 27771
50921 27781
50922 27782
50923 27783
50924 27785
50925 27796
50926 27797
50927 27799
50928 27800
50929 27804
50930 27807
50931 27824
50932 27826
50933 27828
50934 27842
50935 27846
50936 27853
50937 27855
50938 27856
50939 27857
50940 27858
50941 27860
50942 27862
51105 27866
51106 27868
51107 27872
51108 27879
51109 27881
51110 27883
51111 27884
51112 27886
51113 27890
51114 27892
51115 27908
51116 27911
51117 27914
51118 27918
51119 27919
51120 27921
51121 27923
51122 27930
51123 27942
51124 27943
51125 27944
51126 27751
51127 27950
51128 27951
51129 27953
51130 27961
51131 27964
51132 27967
51133 27991
51134 27998
51135 27999
51136 28001
51137 28005
51138 28007
51139 28015
51140 28016
51141 28028
51142 28034
51143 28039
51144 28049
51145 28050
51146 28052
51147 28054
51148 28055
51149 28056
51150 28074
51151 28076
51152 28084
51153 28087
51154 28089
51155 28093
51156 28095
51157 28100
51158 28104
51159 28106
51160 28110
51161 28111
51162 28118
51163 28123
51164 28125
51165 28127
51166 28128
51167 28130
51168 28133
51169 28137
51170 28143
51171 28144
51172 28148
51173 28150
51174 28156
51175 28160
51176 28164
51177 28190
51178 28194
51179 28199
51180 28210
51181 28214
51182 28217
51183 28219
51184 28220
51185 28228
51186 28229
51187 28232
51188 28233
51189 28235
51190 28239
51191 28241
51192 28242
51193 28243
51194 28244
51195 28247
51196 28252
51197 28253
51198 28254
51361 28258
51362 28259
51363 28264
51364 28275
51365 28283
51366 28285
51367 28301
51368 28307
51369 28313
51370 28320
51371 28327
51372 28333
51373 28334
51374 28337
51375 28339
51376 28347
51377 28351
51378 28352
51379 28353
51380 28355
51381 28359
51382 28360
51383 28362
51384 28365
51385 28366
51386 28367
51387 28395
51388 28397
51389 28398
51390 28409
51391 28411
51392 28413
51393 28420
51394 28424
51395 28426
51396 28428
51397 28429
51398 28438
51399 28440
51400 28442
51401 28443
51402 28454
51403 28457
51404 28458
51405 28463
51406 28464
51407 28467
51408 28470
51409 28475
51410 28476
51411 28461
51412 28495
51413 28497
51414 28498
51415 28499
51416 28503
51417 28505
51418 28506
51419 28509
51420 28510
51421 28513
51422 28514
51423 28520
51424 28524
51425 28541
51426 28542
51427 28547
51428 28551
51429 28552
51430 28555
51431 28556
51432 28557
51433 28560
51434 28562
51435 28563
51436 28564
51437 28566
51438 28570
51439 28575
51440 28576
51441 28581
51442 28582
51443 28583
51444 28584
51445 28590
51446 28591
51447 28592
51448 28597
51449 28598
51450 28604
51451 28613
51452 28615
51453 28616
51454 28618
51617 28634
51618 28638
51619 28648
51620 28649
51621 28656
51622 28661
51623 28665
51624 28668
51625 28669
51626 28672
51627 28677
51628 28678
51629 28679
51630 28685
51631 28695
51632 28704
51633 28707
51634 28719
51635 28724
51636 28727
51637 28729
51638 28732
51639 28739
51640 28740
51641 28744
51642 28745
51643 28746
51644 28747
51645 28756
51646 28757
51647 28765
51648 28766
51649 28750
51650 28772
51651 28773
51652 28780
51653 28782
51654 28789
51655 28790
51656 28798
51657 28801
51658 28805
51659 28806
51660 28820
51661 28821
51662 28822
51663 28823
51664 28824
51665 28827
51666 28836
51667 28843
51668 28848
51669 28849
51670 28852
51671 28855
51672 28874
51673 28881
51674 28883
51675 28884
51676 28885
51677 28886
51678 28888
51679 28892
51680 28900
51681 28922
51682 28931
51683 28932
51684 28933
51685 28934
51686 28935
51687 28939
51688 28940
51689 28943
51690 28958
51691 28960
51692 28971
51693 28973
51694 28975
51695 28976
51696 28977
51697 28984
51698 28993
51699 28997
51700 28998
51701 28999
51702 29002
51703 29003
51704 29008
51705 29010
51706 29015
51707 29018
51708 29020
51709 29022
51710 29024
51873 29032
51874 29049
51875 29056
51876 29061
51877 29063
51878 29068
51879 29074
51880 29082
51881 29083
51882 29088
51883 29090
51884 29103
51885 29104
51886 29106
51887 29107
51888 29114
51889 29119
51890 29120
51891 29121
51892 29124
51893 29131
51894 29132
51895 29139
51896 29142
51897 29145
51898 29146
51899 29148
51900 29176
51901 29182
51902 29184
51903 29191
51904 29192
51905 29193
51906 29203
51907 29207
51908 29210
51909 29213
51910 29215
51911 29220
51912 29227
51913 29231
51914 29236
51915 29240
51916 29241
51917 29249
51918 29250
51919 29251
51920 29253
51921 29262
51922 29263
51923 29264
51924 29267
51925 29269
51926 29270
51927 29274
51928 29276
51929 29278
51930 29280
51931 29283
51932 29288
51933 29291
51934 29294
51935 29295
51936 29297
51937 29303
51938 29304
51939 29307
51940 29308
51941 29311
51942 29316
51943 29321
51944 29325
51945 29326
51946 29331
51947 29339
51948 29352
51949 29357
51950 29358
51951 29361
51952 29364
51953 29374
51954 29377
51955 29383
51956 29385
51957 29388
51958 29397
51959 29398
51960 29400
51961 29407
51962 29413
51963 29427
51964 29428
51965 29434
51966 29435
52129 29438
52130 29442
52131 29444
52132 29445
52133 29447
52134 29451
52135 29453
52136 29458
52137 29459
52138 29464
52139 29465
52140 29470
52141 29474
52142 29476
52143 29479
52144 29480
52145 29484
52146 29489
52147 29490
52148 29493
52149 29498
52150 29499
52151 29501
52152 29507
52153 29517
52154 29520
52155 29522
52156 29526
52157 29528
52158 29533
52159 29534
52160 29535
52161 29536
52162 29542
52163 29543
52164 29545
52165 29547
52166 29548
52167 29550
52168 29551
52169 29553
52170 29559
52171 29561
52172 29564
52173 29568
52174 29569
52175 29571
52176 29573
52177 29574
52178 29582
52179 29584
52180 29587
52181 29589
52182 29591
52183 29592
52184 29596
52185 29598
52186 29599
52187 29600
52188 29602
52189 29605
52190 29606
52191 29610
52192 29611
52193 29613
52194 29621
52195 29623
52196 29625
52197 29628
52198 29629
52199 29631
52200 29637
52201 29638
52202 29641
52203 29643
52204 29644
52205 29647
52206 29650
52207 29651
52208 29654
52209 29657
52210 29661
52211 29665
52212 29667
52213 29670
52214 29671
52215 29673
52216 29684
52217 29685
52218 29687
52219 29689
52220 29690
52221 29691
52222 29693
52385 29695
52386 29696
52387 29697
52388 29700
52389 29703
52390 29706
52391 29713
52392 29722
52393 29723
52394 29732
52395 29734
52396 29736
52397 29737
52398 29738
52399 29739
52400 29740
52401 29741
52402 29742
52403 29743
52404 29744
52405 29745
52406 29753
52407 29760
52408 29763
52409 29764
52410 29766
52411 29767
52412 29771
52413 29773
52414 29777
52415 29778
52416 29783
52417 29789
52418 29794
52419 29798
52420 29799
52421 29800
52422 29803
52423 29805
52424 29806
52425 29809
52426 29810
52427 29824
52428 29825
52429 29829
52430 29830
52431 29831
52432 29833
52433 29839
52434 29840
52435 29841
52436 29842
52437 29848
52438 29849
52439 29850
52440 29852
52441 29855
52442 29856
52443 29857
52444 29859
52445 29862
52446 29864
52447 29865
52448 29866
52449 29867
52450 29870
52451 29871
52452 29873
52453 29874
52454 29877
52455 29881
52456 29883
52457 29887
52458 29896
52459 29897
52460 29900
52461 29904
52462 29907
52463 29912
52464 29914
52465 29915
52466 29918
52467 29919
52468 29924
52469 29928
52470 29930
52471 29931
52472 29935
52473 29940
52474 29946
52475 29947
52476 29948
52477 29951
52478 29958
52641 29970
52642 29974
52643 29975
52644 29984
52645 29985
52646 29988
52647 29991
52648 29993
52649 29994
52650 29999
52651 30006
52652 30009
52653 30013
52654 30014
52655 30015
52656 30016
52657 30019
52658 30023
52659 30024
52660 30030
52661 30032
52662 30034
52663 30039
52664 30046
52665 30047
52666 30049
52667 30063
52668 30065
52669 30073
52670 30074
52671 30075
52672 30076
52673 30077
52674 30078
52675 30081
52676 30085
52677 30096
52678 30098
52679 30099
52680 30101
52681 30105
52682 30108
52683 30114
52684 30116
52685 30132
52686 30138
52687 30143
52688 30144
52689 30145
52690 30148
52691 30150
52692 30156
52693 30158
52694 30159
52695 30167
52696 30172
52697 30175
52698 30176
52699 30177
52700 30180
52701 30183
52702 30188
52703 30190
52704 30191
52705 30193
52706 30201
52707 30208
52708 30210
52709 30211
52710 30212
52711 30215
52712 30216
52713 30218
52714 30220
52715 30223
52716 30226
52717 30227
52718 30229
52719 30230
52720 30233
52721 30235
52722 30236
52723 30237
52724 30238
52725 30243
52726 30245
52727 30246
52728 30249
52729 30253
52730 30258
52731 30259
52732 30261
52733 30264
52734 30265
52897 30266
52898 30268
52899 30282
52900 30272
52901 30273
52902 30275
52903 30276
52904 30277
52905 30281
52906 30283
52907 30293
52908 30297
52909 30303
52910 30308
52911 30309
52912 30317
52913 30318
52914 30319
52915 30321
52916 30324
52917 30337
52918 30341
52919 30348
52920 30349
52921 30357
52922 30363
52923 30364
52924 30365
52925 30367
52926 30368
52927 30370
52928 30371
52929 30372
52930 30373
52931 30374
52932 30375
52933 30376
52934 30378
52935 30381
52936 30397
52937 30401
52938 30405
52939 30409
52940 30411
52941 30412
52942 30414
52943 30420
52944 30425
52945 30432
52946 30438
52947 30440
52948 30444
52949 30448
52950 30449
52951 30454
52952 30457
52953 30460
52954 30464
52955 30470
52956 30474
52957 30478
52958 30482
52959 30484
52960 30485
52961 30487
52962 30489
52963 30490
52964 30492
52965 30498
52966 30504
52967 30509
52968 30510
52969 30511
52970 30516
52971 30517
52972 30518
52973 30521
52974 30525
52975 30526
52976 30530
52977 30533
52978 30534
52979 30538
52980 30541
52981 30542
52982 30543
52983 30546
52984 30550
52985 30551
52986 30556
52987 30558
52988 30559
52989 30560
52990 30562
53153 30564
53154 30567
53155 30570
53156 30572
53157 30576
53158 30578
53159 30579
53160 30580
53161 30586
53162 30589
53163 30592
53164 30596
53165 30604
53166 30605
53167 30612
53168 30613
53169 30614
53170 30618
53171 30623
53172 30626
53173 30631
53174 30634
53175 30638
53176 30639
53177 30641
53178 30645
53179 30654
53180 30659
53181 30665
53182 30673
53183 30674
53184 30677
53185 30681
53186 30686
53187 30687
53188 30688
53189 30692
53190 30694
53191 30698
53192 30700
53193 30704
53194 30705
53195 30708
53196 30712
53197 30715
53198 30725
53199 30726
53200 30729
53201 30733
53202 30734
53203 30737
53204 30749
53205 30753
53206 30754
53207 30755
53208 30765
53209 30766
53210 30768
53211 30773
53212 30775
53213 30787
53214 30788
53215 30791
53216 30792
53217 30796
53218 30798
53219 30802
53220 30812
53221 30814
53222 30816
53223 30817
53224 30819
53225 30820
53226 30824
53227 30826
53228 30830
53229 30842
53230 30846
53231 30858
53232 30863
53233 30868
53234 30872
53235 30881
53236 30877
53237 30878
53238 30879
53239 30884
53240 30888
53241 30892
53242 30893
53243 30896
53244 30897
53245 30898
53246 30899
53409 30907
53410 30909
53411 30911
53412 30919
53413 30920
53414 30921
53415 30924
53416 30926
53417 30930
53418 30931
53419 30933
53420 30934
53421 30948
53422 30939
53423 30943
53424 30944
53425 30945
53426 30950
53427 30954
53428 30962
53429 30963
53430 30976
53431 30966
53432 30967
53433 30970
53434 30971
53435 30975
53436 30982
53437 30988
53438 30992
53439 31002
53440 31004
53441 31006
53442 31007
53443 31008
53444 31013
53445 31015
53446 31017
53447 31021
53448 31025
53449 31028
53450 31029
53451 31035
53452 31037
53453 31039
53454 31044
53455 31045
53456 31046
53457 31050
53458 31051
53459 31055
53460 31057
53461 31060
53462 31064
53463 31067
53464 31068
53465 31079
53466 31081
53467 31083
53468 31090
53469 31097
53470 31099
53471 31100
53472 31102
53473 31115
53474 31116
53475 31121
53476 31123
53477 31124
53478 31125
53479 31126
53480 31128
53481 31131
53482 31132
53483 31137
53484 31144
53485 31145
53486 31147
53487 31151
53488 31153
53489 31156
53490 31160
53491 31163
53492 31170
53493 31172
53494 31175
53495 31176
53496 31178
53497 31183
53498 31188
53499 31190
53500 31194
53501 31197
53502 31198
53665 31200
53666 31202
53667 31205
53668 31210
53669 31211
53670 31213
53671 31217
53672 31224
53673 31228
53674 31234
53675 31235
53676 31239
53677 31241
53678 31242
53679 31244
53680 31249
53681 31253
53682 31259
53683 31262
53684 31265
53685 31271
53686 31275
53687 31277
53688 31279
53689 31280
53690 31284
53691 31285
53692 31288
53693 31289
53694 31290
53695 31300
53696 31301
53697 31303
53698 31304
53699 31308
53700 31317
53701 31318
53702 31321
53703 31324
53704 31325
53705 31327
53706 31328
53707 31333
53708 31335
53709 31338
53710 31341
53711 31349
53712 31352
53713 31358
53714 31360
53715 31362
53716 31365
53717 31366
53718 31370
53719 31371
53720 31376
53721 31377
53722 31380
53723 31390
53724 31392
53725 31395
53726 31404
53727 31411
53728 31413
53729 31417
53730 31419
53731 31420
53732 31430
53733 31433
53734 31436
53735 31438
53736 31441
53737 31451
53738 31464
53739 31465
53740 31467
53741 31468
53742 31473
53743 31476
53744 31483
53745 31485
53746 31486
53747 31495
53748 31508
53749 31519
53750 31523
53751 31527
53752 31529
53753 31530
53754 31531
53755 31533
53756 31534
53757 31535
53758 31536
53921 31537
53922 31540
53923 31549
53924 31551
53925 31552
53926 31553
53927 31559
53928 31566
53929 31573
53930 31584
53931 31588
53932 31590
53933 31593
53934 31594
53935 31597
53936 31599
53937 31602
53938 31603
53939 31607
53940 31620
53941 31625
53942 31630
53943 31632
53944 31633
53945 31638
53946 31643
53947 31646
53948 31648
53949 31653
53950 31660
53951 31663
53952 31664
53953 31666
53954 31669
53955 31670
53956 31674
53957 31675
53958 31676
53959 31677
53960 31682
53961 31685
53962 31688
53963 31690
53964 31700
53965 31702
53966 31703
53967 31705
53968 31706
53969 31707
53970 31720
53971 31722
53972 31730
53973 31732
53974 31733
53975 31736
53976 31737
53977 31738
53978 31740
53979 31742
53980 31745
53981 31746
53982 31747
53983 31748
53984 31750
53985 31753
53986 31755
53987 31756
53988 31758
53989 31759
53990 31769
53991 31771
53992 31776
53993 31781
53994 31782
53995 31784
53996 31788
53997 31793
53998 31795
53999 31796
54000 31798
54001 31801
54002 31802
54003 31814
54004 31818
54005 31829
54006 31825
54007 31826
54008 31827
54009 31833
54010 31834
54011 31835
54012 31836
54013 31837
54014 31838
54177 31841
54178 31843
54179 31847
54180 31849
54181 31853
54182 31854
54183 31856
54184 31858
54185 31865
54186 31868
54187 31869
54188 31878
54189 31879
54190 31887
54191 31892
54192 31902
54193 31904
54194 31910
54195 31920
54196 31926
54197 31927
54198 31930
54199 31931
54200 31932
54201 31935
54202 31940
54203 31943
54204 31944
54205 31945
54206 31949
54207 31951
54208 31955
54209 31956
54210 31957
54211 31959
54212 31961
54213 31962
54214 31965
54215 31974
54216 31977
54217 31979
54218 31989
54219 32003
54220 32007
54221 32008
54222 32009
54223 32015
54224 32017
54225 32018
54226 32019
54227 32022
54228 32029
54229 32030
54230 32035
54231 32038
54232 32042
54233 32045
54234 32049
54235 32060
54236 32061
54237 32062
54238 32064
54239 32065
54240 32071
54241 32072
54242 32077
54243 32081
54244 32083
54245 32087
54246 32089
54247 32090
54248 32092
54249 32093
54250 32101
54251 32103
54252 32106
54253 32112
54254 32120
54255 32122
54256 32123
54257 32127
54258 32129
54259 32130
54260 32131
54261 32133
54262 32134
54263 32136
54264 32139
54265 32140
54266 32141
54267 32145
54268 32150
54269 32151
54270 32157
54433 32158
54434 32166
54435 32167
54436 32170
54437 32179
54438 32182
54439 32183
54440 32185
54441 32194
54442 32195
54443 32196
54444 32197
54445 32198
54446 32204
54447 32205
54448 32206
54449 32215
54450 32217
54451 32256
54452 32226
54453 32229
54454 32230
54455 32234
54456 32235
54457 32237
54458 32241
54459 32245
54460 32246
54461 32249
54462 32250
54463 32264
54464 32272
54465 32273
54466 32277
54467 32279
54468 32284
54469 32285
54470 32288
54471 32295
54472 32296
54473 32300
54474 32301
54475 32303
54476 32307
54477 32310
54478 32319
54479 32324
54480 32325
54481 32327
54482 32334
54483 32336
54484 32338
54485 32344
54486 32351
54487 32353
54488 32354
54489 32357
54490 32363
54491 32366
54492 32367
54493 32371
54494 32376
54495 32382
54496 32385
54497 32390
54498 32391
54499 32394
54500 32397
54501 32401
54502 32405
54503 32408
54504 32410
54505 32413
54506 32414
54507 32572
54508 32571
54509 32573
54510 32574
54511 32575
54512 32579
54513 32580
54514 32583
54515 32591
54516 32594
54517 32595
54518 32603
54519 32604
54520 32605
54521 32609
54522 32611
54523 32612
54524 32613
54525 32614
54526 32621
54689 32625
54690 32637
54691 32638
54692 32639
54693 32640
54694 32651
54695 32653
54696 32655
54697 32656
54698 32657
54699 32662
54700 32663
54701 32668
54702 32673
54703 32674
54704 32678
54705 32682
54706 32685
54707 32692
54708 32700
54709 32703
54710 32704
54711 32707
54712 32712
54713 32718
54714 32719
54715 32731
54716 32735
54717 32739
54718 32741
54719 32744
54720 32748
54721 32750
54722 32751
54723 32754
54724 32762
54725 32765
54726 32766
54727 32767
54728 32775
54729 32776
54730 32778
54731 32781
54732 32782
54733 32783
54734 32785
54735 32787
54736 32788
54737 32790
54738 32797
54739 32798
54740 32799
54741 32800
54742 32804
54743 32806
54744 32812
54745 32814
54746 32816
54747 32820
54748 32821
54749 32823
54750 32825
54751 32826
54752 32828
54753 32830
54754 32832
54755 32836
54756 32864
54757 32868
54758 32870
54759 32877
54760 32881
54761 32885
54762 32897
54763 32904
54764 32910
54765 32924
54766 32926
54767 32934
54768 32935
54769 32939
54770 32952
54771 32953
54772 32968
54773 32973
54774 32975
54775 32978
54776 32980
54777 32981
54778 32983
54779 32984
54780 32992
54781 33005
54782 33006
54945 33008
54946 33010
54947 33011
54948 33014
54949 33017
54950 33018
54951 33022
54952 33027
54953 33035
54954 33046
54955 33047
54956 33048
54957 33052
54958 33054
54959 33056
54960 33060
54961 33063
54962 33068
54963 33072
54964 33077
54965 33082
54966 33084
54967 33093
54968 33095
54969 33098
54970 33100
54971 33106
54972 33111
54973 33120
54974 33121
54975 33127
54976 33128
54977 33129
54978 33133
54979 33135
54980 33143
54981 33153
54982 33168
54983 33156
54984 33157
54985 33158
54986 33163
54987 33166
54988 33174
54989 33176
54990 33179
54991 33182
54992 33186
54993 33198
54994 33202
54995 33204
54996 33211
54997 33227
54998 33219
54999 33221
55000 33226
55001 33230
55002 33231
55003 33237
55004 33239
55005 33243
55006 33245
55007 33246
55008 33249
55009 33252
55010 33259
55011 33260
55012 33264
55013 33265
55014 33266
55015 33269
55016 33270
55017 33272
55018 33273
55019 33277
55020 33279
55021 33280
55022 33283
55023 33295
55024 33299
55025 33300
55026 33305
55027 33306
55028 33309
55029 33313
55030 33314
55031 33320
55032 33330
55033 33332
55034 33338
55035 33347
55036 33348
55037 33349
55038 33350
55201 33355
55202 33358
55203 33359
55204 33361
55205 33366
55206 33372
55207 33376
55208 33379
55209 33383
55210 33389
55211 33396
55212 33403
55213 33405
55214 33407
55215 33408
55216 33409
55217 33411
55218 33412
55219 33415
55220 33417
55221 33418
55222 33422
55223 33425
55224 33428
55225 33430
55226 33432
55227 33434
55228 33435
55229 33440
55230 33441
55231 33443
55232 33444
55233 33447
55234 33448
55235 33449
55236 33450
55237 33454
55238 33456
55239 33458
55240 33460
55241 33463
55242 33466
55243 33468
55244 33470
55245 33471
55246 33478
55247 33488
55248 33493
55249 33498
55250 33504
55251 33506
55252 33508
55253 33512
55254 33514
55255 33517
55256 33519
55257 33526
55258 33527
55259 33533
55260 33534
55261 33536
55262 33537
55263 33543
55264 33544
55265 33546
55266 33547
55267 33620
55268 33563
55269 33565
55270 33566
55271 33567
55272 33569
55273 33570
55274 33580
55275 33581
55276 33582
55277 33584
55278 33587
55279 33591
55280 33594
55281 33596
55282 33597
55283 33602
55284 33603
55285 33604
55286 33607
55287 33613
55288 33614
55289 33617
55290 33621
55291 33622
55292 33623
55293 33648
55294 33656
55457 33661
55458 33663
55459 33664
55460 33666
55461 33668
55462 33670
55463 33677
55464 33682
55465 33684
55466 33685
55467 33688
55468 33689
55469 33691
55470 33692
55471 33693
55472 33702
55473 33703
55474 33705
55475 33708
55476 33726
55477 33727
55478 33728
55479 33735
55480 33737
55481 33743
55482 33744
55483 33745
55484 33748
55485 33757
55486 33619
55487 33768
55488 33770
55489 33782
55490 33784
55491 33785
55492 33788
55493 33793
55494 33798
55495 33802
55496 33807
55497 33809
55498 33813
55499 33817
55500 33709
55501 33839
55502 33849
55503 33861
55504 33863
55505 33864
55506 33866
55507 33869
55508 33871
55509 33873
55510 33874
55511 33878
55512 33880
55513 33881
55514 33882
55515 33884
55516 33888
55517 33892
55518 33893
55519 33895
55520 33898
55521 33904
55522 33907
55523 33908
55524 33910
55525 33912
55526 33916
55527 33917
55528 33921
55529 33925
55530 33938
55531 33939
55532 33941
55533 33950
55534 33958
55535 33960
55536 33961
55537 33962
55538 33967
55539 33969
55540 33972
55541 33978
55542 33981
55543 33982
55544 33984
55545 33986
55546 33991
55547 33992
55548 33996
55549 33999
55550 34003
55713 34012
55714 34023
55715 34026
55716 34031
55717 34032
55718 34033
55719 34034
55720 34039
55721 34098
55722 34042
55723 34043
55724 34045
55725 34050
55726 34051
55727 34055
55728 34060
55729 34062
55730 34064
55731 34076
55732 34078
55733 34082
55734 34083
55735 34084
55736 34085
55737 34087
55738 34090
55739 34091
55740 34095
55741 34099
55742 34100
55743 34102
55744 34111
55745 34118
55746 34127
55747 34128
55748 34129
55749 34130
55750 34131
55751 34134
55752 34137
55753 34140
55754 34141
55755 34142
55756 34143
55757 34144
55758 34145
55759 34146
55760 34148
55761 34155
55762 34159
55763 34169
55764 34170
55765 34171
55766 34173
55767 34175
55768 34177
55769 34181
55770 34182
55771 34185
55772 34187
55773 34188
55774 34191
55775 34195
55776 34200
55777 34205
55778 34207
55779 34208
55780 34210
55781 34213
55782 34215
55783 34228
55784 34230
55785 34231
55786 34232
55787 34236
55788 34237
55789 34238
55790 34239
55791 34242
55792 34247
55793 34250
55794 34251
55795 34254
55796 34221
55797 34264
55798 34266
55799 34271
55800 34272
55801 34278
55802 34280
55803 34285
55804 34291
55805 34294
55806 34300
55969 34303
55970 34304
55971 34308
55972 34309
55973 34317
55974 34318
55975 34320
55976 34321
55977 34322
55978 34328
55979 34329
55980 34331
55981 34334
55982 34337
55983 34343
55984 34345
55985 34358
55986 34360
55987 34362
55988 34364
55989 34365
55990 34368
55991 34370
55992 34374
55993 34386
55994 34387
55995 34390
55996 34391
55997 34392
55998 34393
55999 34397
56000 34400
56001 34401
56002 34402
56003 34403
56004 34404
56005 34409
56006 34412
56007 34415
56008 34421
56009 34422
56010 34423
56011 34426
56012 34445
56013 34449
56014 34454
56015 34456
56016 34458
56017 34460
56018 34465
56019 34470
56020 34471
56021 34472
56022 34477
56023 34481
56024 34483
56025 34484
56026 34485
56027 34487
56028 34488
56029 34489
56030 34495
56031 34496
56032 34497
56033 34499
56034 34501
56035 34513
56036 34514
56037 34517
56038 34519
56039 34522
56040 34524
56041 34528
56042 34531
56043 34533
56044 34535
56045 34440
56046 34554
56047 34556
56048 34557
56049 34564
56050 34565
56051 34567
56052 34571
56053 34574
56054 34575
56055 34576
56056 34579
56057 34580
56058 34585
56059 34590
56060 34591
56061 34593
56062 34595
56225 34600
56226 34606
56227 34607
56228 34609
56229 34610
56230 34617
56231 34618
56232 34620
56233 34621
56234 34622
56235 34624
56236 34627
56237 34629
56238 34637
56239 34648
56240 34653
56241 34657
56242 34660
56243 34661
56244 34671
56245 34673
56246 34674
56247 34683
56248 34691
56249 34692
56250 34693
56251 34694
56252 34695
56253 34696
56254 34697
56255 34699
56256 34700
56257 34704
56258 34707
56259 34709
56260 34711
56261 34712
56262 34713
56263 34718
56264 34720
56265 34723
56266 34727
56267 34732
56268 34733
56269 34734
56270 34737
56271 34741
56272 34750
56273 34751
56274 34753
56275 34760
56276 34761
56277 34762
56278 34766
56279 34773
56280 34774
56281 34777
56282 34778
56283 34780
56284 34783
56285 34786
56286 34787
56287 34788
56288 34794
56289 34795
56290 34797
56291 34801
56292 34803
56293 34808
56294 34810
56295 34815
56296 34817
56297 34819
56298 34822
56299 34825
56300 34826
56301 34827
56302 34832
56303 34841
56304 34834
56305 34835
56306 34836
56307 34840
56308 34842
56309 34843
56310 34844
56311 34846
56312 34847
56313 34856
56314 34861
56315 34862
56316 34864
56317 34866
56318 34869
56481 34874
56482 34876
56483 34881
56484 34883
56485 34885
56486 34888
56487 34889
56488 34890
56489 34891
56490 34894
56491 34897
56492 34901
56493 34902
56494 34904
56495 34906
56496 34908
56497 34911
56498 34912
56499 34916
56500 34921
56501 34929
56502 34937
56503 34939
56504 34944
56505 34968
56506 34970
56507 34971
56508 34972
56509 34975
56510 34976
56511 34984
56512 34986
56513 35002
56514 35005
56515 35006
56516 35008
56517 35018
56518 35019
56519 35020
56520 35021
56521 35022
56522 35025
56523 35026
56524 35027
56525 35035
56526 35038
56527 35047
56528 35055
56529 35056
56530 35057
56531 35061
56532 35063
56533 35073
56534 35078
56535 35085
56536 35086
56537 35087
56538 35093
56539 35094
56540 35096
56541 35097
56542 35098
56543 35100
56544 35104
56545 35110
56546 35111
56547 35112
56548 35120
56549 35121
56550 35122
56551 35125
56552 35129
56553 35130
56554 35134
56555 35136
56556 35138
56557 35141
56558 35142
56559 35145
56560 35151
56561 35154
56562 35159
56563 35162
56564 35163
56565 35164
56566 35169
56567 35170
56568 35171
56569 35179
56570 35182
56571 35184
56572 35187
56573 35189
56574 35194
56737 35195
56738 35196
56739 35197
56740 35209
56741 35213
56742 35216
56743 35220
56744 35221
56745 35227
56746 35228
56747 35231
56748 35232
56749 35237
56750 35248
56751 35252
56752 35253
56753 35254
56754 35255
56755 35260
56756 35284
56757 35285
56758 35286
56759 35287
56760 35288
56761 35301
56762 35305
56763 35307
56764 35309
56765 35313
56766 35315
56767 35318
56768 35321
56769 35325
56770 35327
56771 35332
56772 35333
56773 35335
56774 35343
56775 35345
56776 35346
56777 35348
56778 35349
56779 35358
56780 35360
56781 35362
56782 35364
56783 35366
56784 35371
56785 35372
56786 35375
56787 35381
56788 35383
56789 35389
56790 35390
56791 35392
56792 35395
56793 35397
56794 35399
56795 35401
56796 35405
56797 35406
56798 35411
56799 35414
56800 35415
56801 35416
56802 35420
56803 35421
56804 35425
56805 35429
56806 35431
56807 35445
56808 35446
56809 35447
56810 35449
56811 35450
56812 35451
56813 35454
56814 35455
56815 35456
56816 35459
56817 35462
56818 35467
56819 35471
56820 35472
56821 35474
56822 35478
56823 35479
56824 35481
56825 35487
56826 35495
56827 35497
56828 35502
56829 35503
56830 35507
56993 35510
56994 35511
56995 35515
56996 35518
56997 35523
56998 35526
56999 35528
57000 35529
57001 35530
57002 35537
57003 35539
57004 35540
57005 35541
57006 35543
57007 35549
57008 35551
57009 35564
57010 35568
57011 35572
57012 35573
57013 35574
57014 35580
57015 35583
57016 35589
57017 35590
57018 35595
57019 35601
57020 35612
57021 35614
57022 35615
57023 35594
57024 35629
57025 35632
57026 35639
57027 35644
57028 35650
57029 35651
57030 35652
57031 35653
57032 35654
57033 35656
57034 35666
57035 35667
57036 35668
57037 35673
57038 35661
57039 35678
57040 35683
57041 35693
57042 35702
57043 35704
57044 35705
57045 35708
57046 35710
57047 35713
57048 35716
57049 35717
57050 35723
57051 35725
57052 35727
57053 35732
57054 35733
57055 35740
57056 35742
57057 35743
57058 35896
57059 35897
57060 35901
57061 35902
57062 35909
57063 35911
57064 35913
57065 35915
57066 35919
57067 35921
57068 35923
57069 35924
57070 35927
57071 35928
57072 35931
57073 35933
57074 35929
57075 35939
57076 35940
57077 35942
57078 35944
57079 35945
57080 35949
57081 35955
57082 35957
57083 35958
57084 35963
57085 35966
57086 35974
57249 35975
57250 35979
57251 35984
57252 35986
57253 35987
57254 35993
57255 35995
57256 35996
57257 36004
57258 36025
57259 36026
57260 36037
57261 36038
57262 36041
57263 36043
57264 36047
57265 36054
57266 36053
57267 36057
57268 36061
57269 36065
57270 36072
57271 36076
57272 36079
57273 36080
57274 36082
57275 36085
57276 36087
57277 36088
57278 36094
57279 36095
57280 36097
57281 36099
57282 36105
57283 36114
57284 36119
57285 36123
57286 36197
57287 36201
57288 36204
57289 36206
57290 36223
57291 36226
57292 36228
57293 36232
57294 36237
57295 36240
57296 36241
57297 36245
57298 36254
57299 36255
57300 36256
57301 36262
57302 36267
57303 36268
57304 36271
57305 36274
57306 36277
57307 36279
57308 36281
57309 36283
57310 36288
57311 36293
57312 36294
57313 36295
57314 36296
57315 36298
57316 36302
57317 36305
57318 36308
57319 36309
57320 36311
57321 36313
57322 36324
57323 36325
57324 36327
57325 36332
57326 36336
57327 36284
57328 36337
57329 36338
57330 36340
57331 36349
57332 36353
57333 36356
57334 36357
57335 36358
57336 36363
57337 36369
57338 36372
57339 36374
57340 36384
57341 36385
57342 36386
57505 36387
57506 36390
57507 36391
57508 36401
57509 36403
57510 36406
57511 36407
57512 36408
57513 36409
57514 36413
57515 36416
57516 36417
57517 36427
57518 36429
57519 36430
57520 36431
57521 36436
57522 36443
57523 36444
57524 36445
57525 36446
57526 36449
57527 36450
57528 36457
57529 36460
57530 36461
57531 36463
57532 36464
57533 36465
57534 36473
57535 36474
57536 36475
57537 36482
57538 36483
57539 36489
57540 36496
57541 36498
57542 36501
57543 36506
57544 36507
57545 36509
57546 36510
57547 36514
57548 36519
57549 36521
57550 36525
57551 36526
57552 36531
57553 36533
57554 36538
57555 36539
57556 36544
57557 36545
57558 36547
57559 36548
57560 36551
57561 36559
57562 36561
57563 36564
57564 36572
57565 36584
57566 36590
57567 36592
57568 36593
57569 36599
57570 36601
57571 36602
57572 36589
57573 36608
57574 36610
57575 36615
57576 36616
57577 36623
57578 36624
57579 36630
57580 36631
57581 36632
57582 36638
57583 36640
57584 36641
57585 36643
57586 36645
57587 36647
57588 36648
57589 36652
57590 36653
57591 36654
57592 36660
57593 36661
57594 36662
57595 36663
57596 36666
57597 36672
57598 36673
57761 36675
57762 36679
57763 36687
57764 36689
57765 36690
57766 36691
57767 36692
57768 36693
57769 36696
57770 36701
57771 36702
57772 36709
57773 36765
57774 36768
57775 36769
57776 36772
57777 36773
57778 36774
57779 36789
57780 36790
57781 36792
57782 36798
57783 36800
57784 36801
57785 36806
57786 36810
57787 36811
57788 36813
57789 36816
57790 36818
57791 36819
57792 36821
57793 36832
57794 36835
57795 36836
57796 36840
57797 36846
57798 36849
57799 36853
57800 36854
57801 36859
57802 36862
57803 36866
57804 36868
57805 36872
57806 36876
57807 36888
57808 36891
57809 36904
57810 36905
57811 36911
57812 36906
57813 36908
57814 36909
57815 36915
57816 36916
57817 36919
57818 36927
57819 36931
57820 36932
57821 36940
57822 36955
57823 36957
57824 36962
57825 36966
57826 36967
57827 36972
57828 36976
57829 36980
57830 36985
57831 36997
57832 37000
57833 37003
57834 37004
57835 37006
57836 37008
57837 37013
57838 37015
57839 37016
57840 37017
57841 37019
57842 37024
57843 37025
57844 37026
57845 37029
57846 37040
57847 37042
57848 37043
57849 37044
57850 37046
57851 37053
57852 37068
57853 37054
57854 37059
58017 37060
58018 37061
58019 37063
58020 37064
58021 37077
58022 37079
58023 37080
58024 37081
58025 37084
58026 37085
58027 37087
58028 37093
58029 37074
58030 37110
58031 37099
58032 37103
58033 37104
58034 37108
58035 37118
58036 37119
58037 37120
58038 37124
58039 37125
58040 37126
58041 37128
58042 37133
58043 37136
58044 37140
58045 37142
58046 37143
58047 37144
58048 37146
58049 37148
58050 37150
58051 37152
58052 37157
58053 37154
58054 37155
58055 37159
58056 37161
58057 37166
58058 37167
58059 37169
58060 37172
58061 37174
58062 37175
58063 37177
58064 37178
58065 37180
58066 37181
58067 37187
58068 37191
58069 37192
58070 37199
58071 37203
58072 37207
58073 37209
58074 37210
58075 37211
58076 37217
58077 37220
58078 37223
58079 37229
58080 37236
58081 37241
58082 37242
58083 37243
58084 37249
58085 37251
58086 37253
58087 37254
58088 37258
58089 37262
58090 37265
58091 37267
58092 37268
58093 37269
58094 37272
58095 37278
58096 37281
58097 37286
58098 37288
58099 37292
58100 37293
58101 37294
58102 37296
58103 37297
58104 37298
58105 37299
58106 37302
58107 37307
58108 37308
58109 37309
58110 37311
58273 37314
58274 37315
58275 37317
58276 37331
58277 37332
58278 37335
58279 37337
58280 37338
58281 37342
58282 37348
58283 37349
58284 37353
58285 37354
58286 37356
58287 37357
58288 37358
58289 37359
58290 37360
58291 37361
58292 37367
58293 37369
58294 37371
58295 37373
58296 37376
58297 37377
58298 37380
58299 37381
58300 37382
58301 37383
58302 37385
58303 37386
58304 37388
58305 37392
58306 37394
58307 37395
58308 37398
58309 37400
58310 37404
58311 37405
58312 37411
58313 37412
58314 37413
58315 37414
58316 37416
58317 37422
58318 37423
58319 37424
58320 37427
58321 37429
58322 37430
58323 37432
58324 37433
58325 37434
58326 37436
58327 37438
58328 37440
58329 37442
58330 37443
58331 37446
58332 37447
58333 37450
58334 37453
58335 37454
58336 37455
58337 37457
58338 37464
58339 37465
58340 37468
58341 37469
58342 37472
58343 37473
58344 37477
58345 37479
58346 37480
58347 37481
58348 37486
58349 37487
58350 37488
58351 37493
58352 37494
58353 37495
58354 37496
58355 37497
58356 37499
58357 37500
58358 37501
58359 37503
58360 37512
58361 37513
58362 37514
58363 37517
58364 37518
58365 37522
58366 37527
58529 37529
58530 37535
58531 37536
58532 37540
58533 37541
58534 37543
58535 37544
58536 37547
58537 37551
58538 37554
58539 37558
58540 37560
58541 37562
58542 37563
58543 37564
58544 37565
58545 37567
58546 37568
58547 37569
58548 37570
58549 37571
58550 37573
58551 37574
58552 37575
58553 37576
58554 37579
58555 37580
58556 37581
58557 37582
58558 37584
58559 37587
58560 37589
58561 37591
58562 37592
58563 37593
58564 37596
58565 37597
58566 37599
58567 37600
58568 37601
58569 37603
58570 37605
58571 37607
58572 37608
58573 37612
58574 37614
58575 37616
58576 37625
58577 37627
58578 37631
58579 37632
58580 37634
58581 37640
58582 37645
58583 37649
58584 37652
58585 37653
58586 37660
58587 37661
58588 37662
58589 37663
58590 37665
58591 37668
58592 37669
58593 37671
58594 37673
58595 37674
58596 37683
58597 37684
58598 37686
58599 37687
58600 37703
58601 37704
58602 37705
58603 37712
58604 37713
58605 37714
58606 37717
58607 37719
58608 37720
58609 37722
58610 37726
58611 37732
58612 37733
58613 37735
58614 37737
58615 37738
58616 37741
58617 37743
58618 37744
58619 37745
58620 37747
58621 37748
58622 37750
58785 37754
58786 37757
58787 37759
58788 37760
58789 37761
58790 37762
58791 37768
58792 37770
58793 37771
58794 37773
58795 37775
58796 37778
58797 37781
58798 37784
58799 37787
58800 37790
58801 37793
58802 37795
58803 37796
58804 37798
58805 37800
58806 37803
58807 37812
58808 37813
58809 37814
58810 37818
58811 37801
58812 37825
58813 37828
58814 37829
58815 37830
58816 37831
58817 37833
58818 37834
58819 37835
58820 37836
58821 37837
58822 37843
58823 37849
58824 37852
58825 37854
58826 37855
58827 37858
58828 37862
58829 37863
58830 37881
58831 37879
58832 37880
58833 37882
58834 37883
58835 37885
58836 37889
58837 37890
58838 37892
58839 37896
58840 37897
58841 37901
58842 37902
58843 37903
58844 37909
58845 37910
58846 37911
58847 37919
58848 37934
58849 37935
58850 37937
58851 37938
58852 37939
58853 37940
58854 37947
58855 37951
58856 37949
58857 37955
58858 37957
58859 37960
58860 37962
58861 37964
58862 37973
58863 37977
58864 37980
58865 37983
58866 37985
58867 37987
58868 37992
58869 37995
58870 37997
58871 37998
58872 37999
58873 38001
58874 38002
58875 38020
58876 38019
58877 38264
58878 38265
59041 38270
59042 38276
59043 38280
59044 38284
59045 38285
59046 38286
59047 38301
59048 38302
59049 38303
59050 38305
59051 38310
59052 38313
59053 38315
59054 38316
59055 38324
59056 38326
59057 38330
59058 38333
59059 38335
59060 38342
59061 38344
59062 38345
59063 38347
59064 38352
59065 38353
59066 38354
59067 38355
59068 38361
59069 38362
59070 38365
59071 38366
59072 38367
59073 38368
59074 38372
59075 38374
59076 38429
59077 38430
59078 38434
59079 38436
59080 38437
59081 38438
59082 38444
59083 38449
59084 38451
59085 38455
59086 38456
59087 38457
59088 38458
59089 38460
59090 38461
59091 38465
59092 38482
59093 38484
59094 38486
59095 38487
59096 38488
59097 38497
59098 38510
59099 38516
59100 38523
59101 38524
59102 38526
59103 38527
59104 38529
59105 38530
59106 38531
59107 38532
59108 38537
59109 38545
59110 38550
59111 38554
59112 38557
59113 38559
59114 38564
59115 38565
59116 38566
59117 38569
59118 38574
59119 38575
59120 38579
59121 38586
59122 38602
59123 38610
59124 23986
59125 38616
59126 38618
59127 38621
59128 38622
59129 38623
59130 38633
59131 38639
59132 38641
59133 38650
59134 38658
59297 38659
59298 38661
59299 38665
59300 38682
59301 38683
59302 38685
59303 38689
59304 38690
59305 38691
59306 38696
59307 38705
59308 38707
59309 38721
59310 38723
59311 38730
59312 38734
59313 38735
59314 38741
59315 38743
59316 38744
59317 38746
59318 38747
59319 38755
59320 38759
59321 38762
59322 38766
59323 38771
59324 38774
59325 38775
59326 38776
59327 38779
59328 38781
59329 38783
59330 38784
59331 38793
59332 38805
59333 38806
59334 38807
59335 38809
59336 38810
59337 38814
59338 38815
59339 38818
59340 38828
59341 38830
59342 38833
59343 38834
59344 38837
59345 38838
59346 38840
59347 38841
59348 38842
59349 38844
59350 38846
59351 38847
59352 38849
59353 38852
59354 38853
59355 38855
59356 38857
59357 38858
59358 38860
59359 38861
59360 38862
59361 38864
59362 38865
59363 38868
59364 38871
59365 38872
59366 38873
59367 38877
59368 38878
59369 38880
59370 38875
59371 38881
59372 38884
59373 38895
59374 38897
59375 38900
59376 38903
59377 38904
59378 38906
59379 38919
59380 38922
59381 38937
59382 38925
59383 38926
59384 38932
59385 38934
59386 38940
59387 38942
59388 38944
59389 38947
59390 38950
59553 38955
59554 38958
59555 38959
59556 38960
59557 38962
59558 38963
59559 38965
59560 38949
59561 38974
59562 38980
59563 38983
59564 38986
59565 38993
59566 38994
59567 38995
59568 38998
59569 38999
59570 39001
59571 39002
59572 39010
59573 39011
59574 39013
59575 39014
59576 39018
59577 39020
59578 39083
59579 39085
59580 39086
59581 39088
59582 39092
59583 39095
59584 39096
59585 39098
59586 39099
59587 39103
59588 39106
59589 39109
59590 39112
59591 39116
59592 39137
59593 39139
59594 39141
59595 39142
59596 39143
59597 39146
59598 39155
59599 39158
59600 39170
59601 39175
59602 39176
59603 39185
59604 39189
59605 39190
59606 39191
59607 39194
59608 39195
59609 39196
59610 39199
59611 39202
59612 39206
59613 39207
59614 39211
59615 39217
59616 39218
59617 39219
59618 39220
59619 39221
59620 39225
59621 39226
59622 39227
59623 39228
59624 39232
59625 39233
59626 39238
59627 39239
59628 39240
59629 39245
59630 39246
59631 39252
59632 39256
59633 39257
59634 39259
59635 39260
59636 39262
59637 39263
59638 39264
59639 39323
59640 39325
59641 39327
59642 39334
59643 39344
59644 39345
59645 39346
59646 39349
59809 39353
59810 39354
59811 39357
59812 39359
59813 39363
59814 39369
59815 39379
59816 39380
59817 39385
59818 39386
59819 39388
59820 39390
59821 39399
59822 39402
59823 39403
59824 39404
59825 39408
59826 39412
59827 39413
59828 39417
59829 39421
59830 39422
59831 39426
59832 39427
59833 39428
59834 39435
59835 39436
59836 39440
59837 39441
59838 39446
59839 39454
59840 39456
59841 39458
59842 39459
59843 39460
59844 39463
59845 39469
59846 39470
59847 39475
59848 39477
59849 39478
59850 39480
59851 39495
59852 39489
59853 39492
59854 39498
59855 39499
59856 39500
59857 39502
59858 39505
59859 39508
59860 39510
59861 39517
59862 39594
59863 39596
59864 39598
59865 39599
59866 39602
59867 39604
59868 39605
59869 39606
59870 39609
59871 39611
59872 39614
59873 39615
59874 39617
59875 39619
59876 39622
59877 39624
59878 39630
59879 39632
59880 39634
59881 39637
59882 39638
59883 39639
59884 39643
59885 39644
59886 39648
59887 39652
59888 39653
59889 39655
59890 39657
59891 39660
59892 39666
59893 39667
59894 39669
59895 39673
59896 39674
59897 39677
59898 39679
59899 39680
59900 39681
59901 39682
59902 39683
60065 39684
60066 39685
60067 39688
60068 39689
60069 39691
60070 39692
60071 39693
60072 39694
60073 39696
60074 39698
60075 39702
60076 39705
60077 39707
60078 39708
60079 39712
60080 39718
60081 39723
60082 39725
60083 39731
60084 39732
60085 39733
60086 39735
60087 39737
60088 39738
60089 39741
60090 39752
60091 39755
60092 39756
60093 39765
60094 39766
60095 39767
60096 39771
60097 39774
60098 39777
60099 39779
60100 39781
60101 39782
60102 39784
60103 39786
60104 39787
60105 39788
60106 39789
60107 39790
60108 39795
60109 39797
60110 39799
60111 39800
60112 39801
60113 39807
60114 39808
60115 39812
60116 39813
60117 39814
60118 39815
60119 39817
60120 39818
60121 39819
60122 39821
60123 39823
60124 39824
60125 39828
60126 39834
60127 39837
60128 39838
60129 39846
60130 39847
60131 39849
60132 39852
60133 39856
60134 39857
60135 39858
60136 39863
60137 39864
60138 39867
60139 39868
60140 39870
60141 39871
60142 39873
60143 39879
60144 39880
60145 39886
60146 39888
60147 39895
60148 39896
60149 39901
60150 39903
60151 39909
60152 39911
60153 39914
60154 39915
60155 39919
60156 39923
60157 39927
60158 39928
60321 39929
60322 39930
60323 39933
60324 39935
60325 39936
60326 39938
60327 39947
60328 39951
60329 39953
60330 39958
60331 39960
60332 39961
60333 39962
60334 39964
60335 39966
60336 39970
60337 39971
60338 39974
60339 39975
60340 39976
60341 39977
60342 39978
60343 39985
60344 39989
60345 39990
60346 39991
60347 39997
60348 40001
60349 40003
60350 40004
60351 40005
60352 40009
60353 40010
60354 40014
60355 40015
60356 40016
60357 40019
60358 40020
60359 40022
60360 40024
60361 40027
60362 40029
60363 40030
60364 40031
60365 40035
60366 40041
60367 40042
60368 40028
60369 40043
60370 40040
60371 40046
60372 40048
60373 40050
60374 40053
60375 40055
60376 40059
60377 40166
60378 40178
60379 40183
60380 40185
60381 40203
60382 40194
60383 40209
60384 40215
60385 40216
60386 40220
60387 40221
60388 40222
60389 40239
60390 40240
60391 40242
60392 40243
60393 40244
60394 40250
60395 40252
60396 40261
60397 40253
60398 40258
60399 40259
60400 40263
60401 40266
60402 40275
60403 40276
60404 40287
60405 40291
60406 40290
60407 40293
60408 40297
60409 40298
60410 40299
60411 40304
60412 40310
60413 40311
60414 40315
60577 40316
60578 40318
60579 40323
60580 40324
60581 40326
60582 40330
60583 40333
60584 40334
60585 40338
60586 40339
60587 40341
60588 40342
60589 40343
60590 40344
60591 40353
60592 40362
60593 40364
60594 40366
60595 40369
60596 40373
60597 40377
60598 40380
60599 40383
60600 40387
60601 40391
60602 40393
60603 40394
60604 40404
60605 40405
60606 40406
60607 40407
60608 40410
60609 40414
60610 40415
60611 40416
60612 40421
60613 40423
60614 40425
60615 40427
60616 40430
60617 40432
60618 40435
60619 40436
60620 40446
60621 40458
60622 40450
60623 40455
60624 40462
60625 40464
60626 40465
60627 40466
60628 40469
60629 40470
60630 40473
60631 40476
60632 40477
60633 40570
60634 40571
60635 40572
60636 40576
60637 40578
60638 40579
60639 40580
60640 40581
60641 40583
60642 40590
60643 40591
60644 40598
60645 40600
60646 40603
60647 40606
60648 40612
60649 40616
60650 40620
60651 40622
60652 40623
60653 40624
60654 40627
60655 40628
60656 40629
60657 40646
60658 40648
60659 40651
60660 40661
60661 40671
60662 40676
60663 40679
60664 40684
60665 40685
60666 40686
60667 40688
60668 40689
60669 40690
60670 40693
60833 40696
60834 40703
60835 40706
60836 40707
60837 40713
60838 40719
60839 40720
60840 40721
60841 40722
60842 40724
60843 40726
60844 40727
60845 40729
60846 40730
60847 40731
60848 40735
60849 40738
60850 40742
60851 40746
60852 40747
60853 40751
60854 40753
60855 40754
60856 40756
60857 40759
60858 40761
60859 40762
60860 40764
60861 40765
60862 40767
60863 40769
60864 40771
60865 40772
60866 40773
60867 40774
60868 40775
60869 40787
60870 40789
60871 40790
60872 40791
60873 40792
60874 40794
60875 40797
60876 40798
60877 40808
60878 40809
60879 40813
60880 40814
60881 40815
60882 40816
60883 40817
60884 40819
60885 40821
60886 40826
60887 40829
60888 40847
60889 40848
60890 40849
60891 40850
60892 40852
60893 40854
60894 40855
60895 40862
60896 40865
60897 40866
60898 40867
60899 40869
