# This file was auto-generated from "ibm-1137_PMOD-1999.ucm"
# by "codepage-parser.pwn", (c) MPL 1.1, Alex "Y_Less" Cole, 2022.
#
# Lines with a single number denote bytes that are followed by a second byte to
# create a DCBS pair.
#
# Lines with two numbers are byte sequence to unicode equivalent.

# DBCS Lead Bytes

# Single Byte Codes
1 1
2 2
3 3
4 156
5 9
6 134
7 127
8 151
9 141
10 142
11 11
12 12
13 13
14 14
15 15
16 16
17 17
18 18
19 19
20 157
21 133
22 8
23 135
24 24
25 25
26 146
27 143
28 28
29 29
30 30
31 31
32 128
33 129
34 130
35 131
36 132
37 10
38 23
39 27
40 136
41 137
42 138
43 139
44 140
45 5
46 6
47 7
48 144
49 145
50 22
51 147
52 148
53 149
54 150
55 4
56 152
57 153
58 154
59 155
60 20
61 21
62 158
63 26
64 32
65 160
66 2305
67 2306
68 2307
69 2309
70 2310
71 2311
72 2312
73 2313
74 2314
75 46
76 60
77 40
78 43
79 124
80 38
81 2315
82 2316
83 2317
84 2318
85 2319
86 2320
87 2321
88 2322
89 2323
90 33
91 36
92 42
93 41
94 59
95 94
96 45
97 47
98 2324
99 2325
100 2326
101 2327
102 2328
103 2329
104 2330
105 2331
106 2332
107 44
108 37
109 95
110 62
111 63
112 2333
113 2334
114 2335
115 2336
116 2337
117 2338
118 2339
119 2340
120 2341
121 96
122 58
123 35
124 64
125 39
126 61
127 34
128 2342
129 97
130 98
131 99
132 100
133 101
134 102
135 103
136 104
137 105
138 2343
139 2344
140 2346
141 2347
142 2348
143 2349
144 2350
145 106
146 107
147 108
148 109
149 110
150 111
151 112
152 113
153 114
154 2351
155 2352
156 2354
157 2355
158 2357
159 2358
160 8204
161 126
162 115
163 116
164 117
165 118
166 119
167 120
168 121
169 122
170 2359
171 2360
172 2361
173 91
174 2364
175 2365
176 2366
177 2367
178 2368
179 2369
180 2370
181 2371
182 2372
183 2373
184 2374
185 2375
186 2376
187 2377
188 2378
189 93
190 2379
191 2380
192 123
193 65
194 66
195 67
196 68
197 69
198 70
199 71
200 72
201 73
202 2381
203 2384
204 2385
205 2386
208 125
209 74
210 75
211 76
212 77
213 78
214 79
215 80
216 81
217 82
218 2400
219 2401
220 2402
221 2403
222 2404
223 2405
224 92
225 8205
226 83
227 84
228 85
229 86
230 87
231 88
232 89
233 90
234 2406
235 2407
236 2408
237 2409
238 2410
239 2411
240 48
241 49
242 50
243 51
244 52
245 53
246 54
247 55
248 56
249 57
250 2412
251 2413
252 2414
253 2415
254 2416
255 159

# Double Byte Codes
