# This file was auto-generated from "java-Cp870-1.3_P.ucm"
# by "codepage-parser.pwn", (c) MPL 1.1, Alex "Y_Less" Cole, 2022.
#
# Lines with a single number denote bytes that are followed by a second byte to
# create a DCBS pair.
#
# Lines with two numbers are byte sequence to unicode equivalent.

# DBCS Lead Bytes

# Single Byte Codes
1 1
2 2
3 3
4 156
5 9
6 134
7 127
8 151
9 141
10 142
11 11
12 12
13 13
14 14
15 15
16 16
17 17
18 18
19 19
20 157
21 10
22 8
23 135
24 24
25 25
26 146
27 143
28 28
29 29
30 30
31 31
32 128
33 129
34 130
35 131
36 132
38 23
39 27
40 136
41 137
42 138
43 139
44 140
45 5
46 6
47 7
48 144
49 145
50 22
51 147
52 148
53 149
54 150
55 4
56 152
57 153
58 154
59 155
60 20
61 21
62 158
64 32
65 160
66 226
67 228
68 355
69 225
70 259
71 269
72 231
73 263
74 91
75 46
76 60
77 40
78 43
79 33
80 38
81 233
82 281
83 235
84 367
85 237
86 238
87 318
88 314
89 223
90 93
91 36
92 42
93 41
94 59
95 94
96 45
97 47
98 194
99 196
100 733
101 193
102 258
103 268
104 199
105 262
106 124
107 44
108 37
109 95
110 62
111 63
112 711
113 201
114 280
115 203
116 366
117 205
118 206
119 317
120 313
121 96
122 58
123 35
124 64
125 39
126 61
127 34
128 728
129 97
130 98
131 99
132 100
133 101
134 102
135 103
136 104
137 105
138 347
139 328
140 273
141 253
142 345
143 351
144 176
145 106
146 107
147 108
148 109
149 110
150 111
151 112
152 113
153 114
154 322
155 324
156 353
157 184
158 731
159 164
160 261
161 126
162 115
163 116
164 117
165 118
166 119
167 120
168 121
169 122
170 346
171 327
172 272
173 221
174 344
175 350
176 729
177 260
178 380
179 354
180 379
181 167
182 382
183 378
184 381
185 377
186 321
187 323
188 352
189 168
190 180
191 215
192 123
193 65
194 66
195 67
196 68
197 69
198 70
199 71
200 72
201 73
202 173
203 244
204 246
205 341
206 243
207 337
208 125
209 74
210 75
211 76
212 77
213 78
214 79
215 80
216 81
217 82
218 282
219 369
220 252
221 357
222 250
223 283
224 92
225 247
226 83
227 84
228 85
229 86
230 87
231 88
232 89
233 90
234 271
235 212
236 214
237 340
238 211
239 336
240 48
241 49
242 50
243 51
244 52
245 53
246 54
247 55
248 56
249 57
250 270
251 368
252 220
253 356
254 218
255 159

# Double Byte Codes
