# This file was auto-generated from "java-ISO2022JP-1.3_P.ucm"
# by "codepage-parser.pwn", (c) MPL 1.1, Alex "Y_Less" Cole, 2022.
#
# Lines with a single number denote bytes that are followed by a second byte to
# create a DCBS pair.
#
# Lines with two numbers are byte sequence to unicode equivalent.

# DBCS Lead Bytes
33
96
97
98
99
100
101
102
103
104
105
106
107
108
109
110
111
112
113
114
115
116

# Single Byte Codes
1 1
2 2
3 3
4 4
5 5
6 6
7 7
8 8
9 9
10 10
11 11
12 12
13 13
14 14
15 15
16 16
17 17
18 18
19 19
20 20
21 21
22 22
23 23
24 24
25 25
26 26
27 27
28 28
29 29
30 30
31 31
32 32
34 65378
35 65379
36 65380
37 65381
38 65382
39 65383
40 65384
41 65385
42 65386
43 65387
44 65388
45 65389
46 65390
47 65391
48 65392
49 65393
50 65394
51 65395
52 65396
53 65397
54 65398
55 65399
56 65400
57 65401
58 65402
59 65403
60 65404
61 65405
62 65406
63 63
64 65408
65 65409
66 65410
67 65411
68 65412
69 65413
70 65414
71 65415
72 65416
73 65417
74 65418
75 65419
76 65420
77 65421
78 65422
79 65423
80 65424
81 65425
82 65426
83 65427
84 65428
85 65429
86 65430
87 65431
88 65432
89 65433
90 65434
91 65435
92 65436
93 65437
94 65438
95 65439
117 117
118 118
119 119
120 120
121 121
122 122
123 123
124 124
125 125
126 8254
127 127

# Double Byte Codes
8481 12288
8482 12289
8483 12290
8484 65292
8485 65294
8486 12539
8487 65306
8488 65307
8489 65311
8490 65281
8491 12443
8492 12444
8493 180
8494 65344
8495 168
8496 65342
8497 65507
8498 65343
8499 12541
8500 12542
8501 12445
8502 12446
8503 12291
8504 20189
8505 12293
8506 12294
8507 12295
8508 12540
8509 8213
8510 8208
8511 65295
8512 65340
8513 12316
8514 8214
8515 65372
8516 8230
8517 8229
8518 8216
8519 8217
8520 8220
8521 8221
8522 65288
8523 65289
8524 12308
8525 12309
8526 65339
8527 65341
8528 65371
8529 65373
8530 12296
8531 12297
8532 12298
8533 12299
8534 12300
8535 12301
8536 12302
8537 12303
8538 12304
8539 12305
8540 65291
8541 8722
8542 177
8543 215
8544 247
8545 65309
8546 8800
8547 65308
8548 65310
8549 8806
8550 8807
8551 8734
8552 8756
8553 9794
8554 9792
8555 176
8556 8242
8557 8243
8558 8451
8559 65509
8560 65284
8561 162
8562 163
8563 65285
8564 65283
8565 65286
8566 65290
8567 65312
8568 167
8569 9734
8570 9733
8571 9675
8572 9679
8573 9678
8574 9671
8737 9670
8738 9633
8739 9632
8740 9651
8741 9650
8742 9661
8743 9660
8744 8251
8745 12306
8746 8594
8747 8592
8748 8593
8749 8595
8750 12307
8762 8712
8763 8715
8764 8838
8765 8839
8766 8834
8767 8835
8768 8746
8769 8745
8778 8743
8779 8744
8780 172
8781 8658
8782 8660
8783 8704
8784 8707
8796 8736
8797 8869
8798 8978
8799 8706
8800 8711
8801 8801
8802 8786
8803 8810
8804 8811
8805 8730
8806 8765
8807 8733
8808 8757
8809 8747
8810 8748
8818 8491
8819 8240
8820 9839
8821 9837
8822 9834
8823 8224
8824 8225
8825 182
8830 9711
9008 65296
9009 65297
9010 65298
9011 65299
9012 65300
9013 65301
9014 65302
9015 65303
9016 65304
9017 65305
9025 65313
9026 65314
9027 65315
9028 65316
9029 65317
9030 65318
9031 65319
9032 65320
9033 65321
9034 65322
9035 65323
9036 65324
9037 65325
9038 65326
9039 65327
9040 65328
9041 65329
9042 65330
9043 65331
9044 65332
9045 65333
9046 65334
9047 65335
9048 65336
9049 65337
9050 65338
9057 65345
9058 65346
9059 65347
9060 65348
9061 65349
9062 65350
9063 65351
9064 65352
9065 65353
9066 65354
9067 65355
9068 65356
9069 65357
9070 65358
9071 65359
9072 65360
9073 65361
9074 65362
9075 65363
9076 65364
9077 65365
9078 65366
9079 65367
9080 65368
9081 65369
9082 65370
9249 12353
9250 12354
9251 12355
9252 12356
9253 12357
9254 12358
9255 12359
9256 12360
9257 12361
9258 12362
9259 12363
9260 12364
9261 12365
9262 12366
9263 12367
9264 12368
9265 12369
9266 12370
9267 12371
9268 12372
9269 12373
9270 12374
9271 12375
9272 12376
9273 12377
9274 12378
9275 12379
9276 12380
9277 12381
9278 12382
9279 12383
9280 12384
9281 12385
9282 12386
9283 12387
9284 12388
9285 12389
9286 12390
9287 12391
9288 12392
9289 12393
9290 12394
9291 12395
9292 12396
9293 12397
9294 12398
9295 12399
9296 12400
9297 12401
9298 12402
9299 12403
9300 12404
9301 12405
9302 12406
9303 12407
9304 12408
9305 12409
9306 12410
9307 12411
9308 12412
9309 12413
9310 12414
9311 12415
9312 12416
9313 12417
9314 12418
9315 12419
9316 12420
9317 12421
9318 12422
9319 12423
9320 12424
9321 12425
9322 12426
9323 12427
9324 12428
9325 12429
9326 12430
9327 12431
9328 12432
9329 12433
9330 12434
9331 12435
9505 12449
9506 12450
9507 12451
9508 12452
9509 12453
9510 12454
9511 12455
9512 12456
9513 12457
9514 12458
9515 12459
9516 12460
9517 12461
9518 12462
9519 12463
9520 12464
9521 12465
9522 12466
9523 12467
9524 12468
9525 12469
9526 12470
9527 12471
9528 12472
9529 12473
9530 12474
9531 12475
9532 12476
9533 12477
9534 12478
9535 12479
9536 12480
9537 12481
9538 12482
9539 12483
9540 12484
9541 12485
9542 12486
9543 12487
9544 12488
9545 12489
9546 12490
9547 12491
9548 12492
9549 12493
9550 12494
9551 12495
9552 12496
9553 12497
9554 12498
9555 12499
9556 12500
9557 12501
9558 12502
9559 12503
9560 12504
9561 12505
9562 12506
9563 12507
9564 12508
9565 12509
9566 12510
9567 12511
9568 12512
9569 12513
9570 12514
9571 12515
9572 12516
9573 12517
9574 12518
9575 12519
9576 12520
9577 12521
9578 12522
9579 12523
9580 12524
9581 12525
9582 12526
9583 12527
9584 12528
9585 12529
9586 12530
9587 12531
9588 12532
9589 12533
9590 12534
9761 913
9762 914
9763 915
9764 916
9765 917
9766 918
9767 919
9768 920
9769 921
9770 922
9771 923
9772 924
9773 925
9774 926
9775 927
9776 928
9777 929
9778 931
9779 932
9780 933
9781 934
9782 935
9783 936
9784 937
9793 945
9794 946
9795 947
9796 948
9797 949
9798 950
9799 951
9800 952
9801 953
9802 954
9803 955
9804 956
9805 957
9806 958
9807 959
9808 960
9809 961
9810 963
9811 964
9812 965
9813 966
9814 967
9815 968
9816 969
10017 1040
10018 1041
10019 1042
10020 1043
10021 1044
10022 1045
10023 1025
10024 1046
10025 1047
10026 1048
10027 1049
10028 1050
10029 1051
10030 1052
10031 1053
10032 1054
10033 1055
10034 1056
10035 1057
10036 1058
10037 1059
10038 1060
10039 1061
10040 1062
10041 1063
10042 1064
10043 1065
10044 1066
10045 1067
10046 1068
10047 1069
10048 1070
10049 1071
10065 1072
10066 1073
10067 1074
10068 1075
10069 1076
10070 1077
10071 1105
10072 1078
10073 1079
10074 1080
10075 1081
10076 1082
10077 1083
10078 1084
10079 1085
10080 1086
10081 1087
10082 1088
10083 1089
10084 1090
10085 1091
10086 1092
10087 1093
10088 1094
10089 1095
10090 1096
10091 1097
10092 1098
10093 1099
10094 1100
10095 1101
10096 1102
10097 1103
10273 9472
10274 9474
10275 9484
10276 9488
10277 9496
10278 9492
10279 9500
10280 9516
10281 9508
10282 9524
10283 9532
10284 9473
10285 9475
10286 9487
10287 9491
10288 9499
10289 9495
10290 9507
10291 9523
10292 9515
10293 9531
10294 9547
10295 9504
10296 9519
10297 9512
10298 9527
10299 9535
10300 9501
10301 9520
10302 9509
10303 9528
10304 9538
12321 20124
12322 21782
12323 23043
12324 38463
12325 21696
12326 24859
12327 25384
12328 23030
12329 36898
12330 33909
12331 33564
12332 31312
12333 24746
12334 25569
12335 28197
12336 26093
12337 33894
12338 33446
12339 39925
12340 26771
12341 22311
12342 26017
12343 25201
12344 23451
12345 22992
12346 34427
12347 39156
12348 32098
12349 32190
12350 39822
12351 25110
12352 31903
12353 34999
12354 23433
12355 24245
12356 25353
12357 26263
12358 26696
12359 38343
12360 38797
12361 26447
12362 20197
12363 20234
12364 20301
12365 20381
12366 20553
12367 22258
12368 22839
12369 22996
12370 23041
12371 23561
12372 24799
12373 24847
12374 24944
12375 26131
12376 26885
12377 28858
12378 30031
12379 30064
12380 31227
12381 32173
12382 32239
12383 32963
12384 33806
12385 34915
12386 35586
12387 36949
12388 36986
12389 21307
12390 20117
12391 20133
12392 22495
12393 32946
12394 37057
12395 30959
12396 19968
12397 22769
12398 28322
12399 36920
12400 31282
12401 33576
12402 33419
12403 39983
12404 20801
12405 21360
12406 21693
12407 21729
12408 22240
12409 23035
12410 24341
12411 39154
12412 28139
12413 32996
12414 34093
12577 38498
12578 38512
12579 38560
12580 38907
12581 21515
12582 21491
12583 23431
12584 28879
12585 32701
12586 36802
12587 38632
12588 21359
12589 40284
12590 31418
12591 19985
12592 30867
12593 33276
12594 28198
12595 22040
12596 21764
12597 27421
12598 34074
12599 39995
12600 23013
12601 21417
12602 28006
12603 29916
12604 38287
12605 22082
12606 20113
12607 36939
12608 38642
12609 33615
12610 39180
12611 21473
12612 21942
12613 23344
12614 24433
12615 26144
12616 26355
12617 26628
12618 27704
12619 27891
12620 27945
12621 29787
12622 30408
12623 31310
12624 38964
12625 33521
12626 34907
12627 35424
12628 37613
12629 28082
12630 30123
12631 30410
12632 39365
12633 24742
12634 35585
12635 36234
12636 38322
12637 27022
12638 21421
12639 20870
12640 22290
12641 22576
12642 22852
12643 23476
12644 24310
12645 24616
12646 25513
12647 25588
12648 27839
12649 28436
12650 28814
12651 28948
12652 29017
12653 29141
12654 29503
12655 32257
12656 33398
12657 33489
12658 34199
12659 36960
12660 37467
12661 40219
12662 22633
12663 26044
12664 27738
12665 29989
12666 20985
12667 22830
12668 22885
12669 24448
12670 24540
12833 25276
12834 26106
12835 27178
12836 27431
12837 27572
12838 29579
12839 32705
12840 35158
12841 40236
12842 40206
12843 40644
12844 23713
12845 27798
12846 33659
12847 20740
12848 23627
12849 25014
12850 33222
12851 26742
12852 29281
12853 20057
12854 20474
12855 21368
12856 24681
12857 28201
12858 31311
12859 38899
12860 19979
12861 21270
12862 20206
12863 20309
12864 20285
12865 20385
12866 20339
12867 21152
12868 21487
12869 22025
12870 22799
12871 23233
12872 23478
12873 23521
12874 31185
12875 26247
12876 26524
12877 26550
12878 27468
12879 27827
12880 28779
12881 29634
12882 31117
12883 31166
12884 31292
12885 31623
12886 33457
12887 33499
12888 33540
12889 33655
12890 33775
12891 33747
12892 34662
12893 35506
12894 22057
12895 36008
12896 36838
12897 36942
12898 38686
12899 34442
12900 20420
12901 23784
12902 25105
12903 29273
12904 30011
12905 33253
12906 33469
12907 34558
12908 36032
12909 38597
12910 39187
12911 39381
12912 20171
12913 20250
12914 35299
12915 22238
12916 22602
12917 22730
12918 24315
12919 24555
12920 24618
12921 24724
12922 24674
12923 25040
12924 25106
12925 25296
12926 25913
13089 39745
13090 26214
13091 26800
13092 28023
13093 28784
13094 30028
13095 30342
13096 32117
13097 33445
13098 34809
13099 38283
13100 38542
13101 35997
13102 20977
13103 21182
13104 22806
13105 21683
13106 23475
13107 23830
13108 24936
13109 27010
13110 28079
13111 30861
13112 33995
13113 34903
13114 35442
13115 37799
13116 39608
13117 28012
13118 39336
13119 34521
13120 22435
13121 26623
13122 34510
13123 37390
13124 21123
13125 22151
13126 21508
13127 24275
13128 25313
13129 25785
13130 26684
13131 26680
13132 27579
13133 29554
13134 30906
13135 31339
13136 35226
13137 35282
13138 36203
13139 36611
13140 37101
13141 38307
13142 38548
13143 38761
13144 23398
13145 23731
13146 27005
13147 38989
13148 38990
13149 25499
13150 31520
13151 27179
13152 27263
13153 26806
13154 39949
13155 28511
13156 21106
13157 21917
13158 24688
13159 25324
13160 27963
13161 28167
13162 28369
13163 33883
13164 35088
13165 36676
13166 19988
13167 39993
13168 21494
13169 26907
13170 27194
13171 38788
13172 26666
13173 20828
13174 31427
13175 33970
13176 37340
13177 37772
13178 22107
13179 40232
13180 26658
13181 33541
13182 33841
13345 31909
13346 21000
13347 33477
13348 29926
13349 20094
13350 20355
13351 20896
13352 23506
13353 21002
13354 21208
13355 21223
13356 24059
13357 21914
13358 22570
13359 23014
13360 23436
13361 23448
13362 23515
13363 24178
13364 24185
13365 24739
13366 24863
13367 24931
13368 25022
13369 25563
13370 25954
13371 26577
13372 26707
13373 26874
13374 27454
13375 27475
13376 27735
13377 28450
13378 28567
13379 28485
13380 29872
13381 29976
13382 30435
13383 30475
13384 31487
13385 31649
13386 31777
13387 32233
13388 32566
13389 32752
13390 32925
13391 33382
13392 33694
13393 35251
13394 35532
13395 36011
13396 36996
13397 37969
13398 38291
13399 38289
13400 38306
13401 38501
13402 38867
13403 39208
13404 33304
13405 20024
13406 21547
13407 23736
13408 24012
13409 29609
13410 30284
13411 30524
13412 23721
13413 32747
13414 36107
13415 38593
13416 38929
13417 38996
13418 39000
13419 20225
13420 20238
13421 21361
13422 21916
13423 22120
13424 22522
13425 22855
13426 23305
13427 23492
13428 23696
13429 24076
13430 24190
13431 24524
13432 25582
13433 26426
13434 26071
13435 26082
13436 26399
13437 26827
13438 26820
13601 27231
13602 24112
13603 27589
13604 27671
13605 27773
13606 30079
13607 31048
13608 23395
13609 31232
13610 32000
13611 24509
13612 35215
13613 35352
13614 36020
13615 36215
13616 36556
13617 36637
13618 39138
13619 39438
13620 39740
13621 20096
13622 20605
13623 20736
13624 22931
13625 23452
13626 25135
13627 25216
13628 25836
13629 27450
13630 29344
13631 30097
13632 31047
13633 32681
13634 34811
13635 35516
13636 35696
13637 25516
13638 33738
13639 38816
13640 21513
13641 21507
13642 21931
13643 26708
13644 27224
13645 35440
13646 30759
13647 26485
13648 40653
13649 21364
13650 23458
13651 33050
13652 34384
13653 36870
13654 19992
13655 20037
13656 20167
13657 20241
13658 21450
13659 21560
13660 23470
13661 24339
13662 24613
13663 25937
13664 26429
13665 27714
13666 27762
13667 27875
13668 28792
13669 29699
13670 31350
13671 31406
13672 31496
13673 32026
13674 31998
13675 32102
13676 26087
13677 29275
13678 21435
13679 23621
13680 24040
13681 25298
13682 25312
13683 25369
13684 28192
13685 34394
13686 35377
13687 36317
13688 37624
13689 28417
13690 31142
13691 39770
13692 20136
13693 20139
13694 20140
13857 20379
13858 20384
13859 20689
13860 20807
13861 31478
13862 20849
13863 20982
13864 21332
13865 21281
13866 21375
13867 21483
13868 21932
13869 22659
13870 23777
13871 24375
13872 24394
13873 24623
13874 24656
13875 24685
13876 25375
13877 25945
13878 27211
13879 27841
13880 29378
13881 29421
13882 30703
13883 33016
13884 33029
13885 33288
13886 34126
13887 37111
13888 37857
13889 38911
13890 39255
13891 39514
13892 20208
13893 20957
13894 23597
13895 26241
13896 26989
13897 23616
13898 26354
13899 26997
13900 29577
13901 26704
13902 31873
13903 20677
13904 21220
13905 22343
13906 24062
13907 37670
13908 26020
13909 27427
13910 27453
13911 29748
13912 31105
13913 31165
13914 31563
13915 32202
13916 33465
13917 33740
13918 34943
13919 35167
13920 35641
13921 36817
13922 37329
13923 21535
13924 37504
13925 20061
13926 20534
13927 21477
13928 21306
13929 29399
13930 29590
13931 30697
13932 33510
13933 36527
13934 39366
13935 39368
13936 39378
13937 20855
13938 24858
13939 34398
13940 21936
13941 31354
13942 20598
13943 23507
13944 36935
13945 38533
13946 20018
13947 27355
13948 37351
13949 23633
13950 23624
14113 25496
14114 31391
14115 27795
14116 38772
14117 36705
14118 31402
14119 29066
14120 38536
14121 31874
14122 26647
14123 32368
14124 26705
14125 37740
14126 21234
14127 21531
14128 34219
14129 35347
14130 32676
14131 36557
14132 37089
14133 21350
14134 34952
14135 31041
14136 20418
14137 20670
14138 21009
14139 20804
14140 21843
14141 22317
14142 29674
14143 22411
14144 22865
14145 24418
14146 24452
14147 24693
14148 24950
14149 24935
14150 25001
14151 25522
14152 25658
14153 25964
14154 26223
14155 26690
14156 28179
14157 30054
14158 31293
14159 31995
14160 32076
14161 32153
14162 32331
14163 32619
14164 33550
14165 33610
14166 34509
14167 35336
14168 35427
14169 35686
14170 36605
14171 38938
14172 40335
14173 33464
14174 36814
14175 39912
14176 21127
14177 25119
14178 25731
14179 28608
14180 38553
14181 26689
14182 20625
14183 27424
14184 27770
14185 28500
14186 31348
14187 32080
14188 34880
14189 35363
14190 26376
14191 20214
14192 20537
14193 20518
14194 20581
14195 20860
14196 21048
14197 21091
14198 21927
14199 22287
14200 22533
14201 23244
14202 24314
14203 25010
14204 25080
14205 25331
14206 25458
14369 26908
14370 27177
14371 29309
14372 29356
14373 29486
14374 30740
14375 30831
14376 32121
14377 30476
14378 32937
14379 35211
14380 35609
14381 36066
14382 36562
14383 36963
14384 37749
14385 38522
14386 38997
14387 39443
14388 40568
14389 20803
14390 21407
14391 21427
14392 24187
14393 24358
14394 28187
14395 28304
14396 29572
14397 29694
14398 32067
14399 33335
14400 35328
14401 35578
14402 38480
14403 20046
14404 20491
14405 21476
14406 21628
14407 22266
14408 22993
14409 23396
14410 24049
14411 24235
14412 24359
14413 25144
14414 25925
14415 26543
14416 28246
14417 29392
14418 31946
14419 34996
14420 32929
14421 32993
14422 33776
14423 34382
14424 35463
14425 36328
14426 37431
14427 38599
14428 39015
14429 40723
14430 20116
14431 20114
14432 20237
14433 21320
14434 21577
14435 21566
14436 23087
14437 24460
14438 24481
14439 24735
14440 26791
14441 27278
14442 29786
14443 30849
14444 35486
14445 35492
14446 35703
14447 37264
14448 20062
14449 39881
14450 20132
14451 20348
14452 20399
14453 20505
14454 20502
14455 20809
14456 20844
14457 21151
14458 21177
14459 21246
14460 21402
14461 21475
14462 21521
14625 21518
14626 21897
14627 22353
14628 22434
14629 22909
14630 23380
14631 23389
14632 23439
14633 24037
14634 24039
14635 24055
14636 24184
14637 24195
14638 24218
14639 24247
14640 24344
14641 24658
14642 24908
14643 25239
14644 25304
14645 25511
14646 25915
14647 26114
14648 26179
14649 26356
14650 26477
14651 26657
14652 26775
14653 27083
14654 27743
14655 27946
14656 28009
14657 28207
14658 28317
14659 30002
14660 30343
14661 30828
14662 31295
14663 31968
14664 32005
14665 32024
14666 32094
14667 32177
14668 32789
14669 32771
14670 32943
14671 32945
14672 33108
14673 33167
14674 33322
14675 33618
14676 34892
14677 34913
14678 35611
14679 36002
14680 36092
14681 37066
14682 37237
14683 37489
14684 30783
14685 37628
14686 38308
14687 38477
14688 38917
14689 39321
14690 39640
14691 40251
14692 21083
14693 21163
14694 21495
14695 21512
14696 22741
14697 25335
14698 28640
14699 35946
14700 36703
14701 40633
14702 20811
14703 21051
14704 21578
14705 22269
14706 31296
14707 37239
14708 40288
14709 40658
14710 29508
14711 28425
14712 33136
14713 29969
14714 24573
14715 24794
14716 39592
14717 29403
14718 36796
14881 27492
14882 38915
14883 20170
14884 22256
14885 22372
14886 22718
14887 23130
14888 24680
14889 25031
14890 26127
14891 26118
14892 26681
14893 26801
14894 28151
14895 30165
14896 32058
14897 33390
14898 39746
14899 20123
14900 20304
14901 21449
14902 21766
14903 23919
14904 24038
14905 24046
14906 26619
14907 27801
14908 29811
14909 30722
14910 35408
14911 37782
14912 35039
14913 22352
14914 24231
14915 25387
14916 20661
14917 20652
14918 20877
14919 26368
14920 21705
14921 22622
14922 22971
14923 23472
14924 24425
14925 25165
14926 25505
14927 26685
14928 27507
14929 28168
14930 28797
14931 37319
14932 29312
14933 30741
14934 30758
14935 31085
14936 25998
14937 32048
14938 33756
14939 35009
14940 36617
14941 38555
14942 21092
14943 22312
14944 26448
14945 32618
14946 36001
14947 20916
14948 22338
14949 38442
14950 22586
14951 27018
14952 32948
14953 21682
14954 23822
14955 22524
14956 30869
14957 40442
14958 20316
14959 21066
14960 21643
14961 25662
14962 26152
14963 26388
14964 26613
14965 31364
14966 31574
14967 32034
14968 37679
14969 26716
14970 39853
14971 31545
14972 21273
14973 20874
14974 21047
15137 23519
15138 25334
15139 25774
15140 25830
15141 26413
15142 27578
15143 34217
15144 38609
15145 30352
15146 39894
15147 25420
15148 37638
15149 39851
15150 30399
15151 26194
15152 19977
15153 20632
15154 21442
15155 23665
15156 24808
15157 25746
15158 25955
15159 26719
15160 29158
15161 29642
15162 29987
15163 31639
15164 32386
15165 34453
15166 35715
15167 36059
15168 37240
15169 39184
15170 26028
15171 26283
15172 27531
15173 20181
15174 20180
15175 20282
15176 20351
15177 21050
15178 21496
15179 21490
15180 21987
15181 22235
15182 22763
15183 22987
15184 22985
15185 23039
15186 23376
15187 23629
15188 24066
15189 24107
15190 24535
15191 24605
15192 25351
15193 25903
15194 23388
15195 26031
15196 26045
15197 26088
15198 26525
15199 27490
15200 27515
15201 27663
15202 29509
15203 31049
15204 31169
15205 31992
15206 32025
15207 32043
15208 32930
15209 33026
15210 33267
15211 35222
15212 35422
15213 35433
15214 35430
15215 35468
15216 35566
15217 36039
15218 36060
15219 38604
15220 39164
15221 27503
15222 20107
15223 20284
15224 20365
15225 20816
15226 23383
15227 23546
15228 24904
15229 25345
15230 26178
15393 27425
15394 28363
15395 27835
15396 29246
15397 29885
15398 30164
15399 30913
15400 31034
15401 32780
15402 32819
15403 33258
15404 33940
15405 36766
15406 27728
15407 40575
15408 24335
15409 35672
15410 40235
15411 31482
15412 36600
15413 23437
15414 38635
15415 19971
15416 21489
15417 22519
15418 22833
15419 23241
15420 23460
15421 24713
15422 28287
15423 28422
15424 30142
15425 36074
15426 23455
15427 34048
15428 31712
15429 20594
15430 26612
15431 33437
15432 23649
15433 34122
15434 32286
15435 33294
15436 20889
15437 23556
15438 25448
15439 36198
15440 26012
15441 29038
15442 31038
15443 32023
15444 32773
15445 35613
15446 36554
15447 36974
15448 34503
15449 37034
15450 20511
15451 21242
15452 23610
15453 26451
15454 28796
15455 29237
15456 37196
15457 37320
15458 37675
15459 33509
15460 23490
15461 24369
15462 24825
15463 20027
15464 21462
15465 23432
15466 25163
15467 26417
15468 27530
15469 29417
15470 29664
15471 31278
15472 33131
15473 36259
15474 37202
15475 39318
15476 20754
15477 21463
15478 21610
15479 23551
15480 25480
15481 27193
15482 32172
15483 38656
15484 22234
15485 21454
15486 21608
15649 23447
15650 23601
15651 24030
15652 20462
15653 24833
15654 25342
15655 27954
15656 31168
15657 31179
15658 32066
15659 32333
15660 32722
15661 33261
15662 33311
15663 33936
15664 34886
15665 35186
15666 35728
15667 36468
15668 36655
15669 36913
15670 37195
15671 37228
15672 38598
15673 37276
15674 20160
15675 20303
15676 20805
15677 21313
15678 24467
15679 25102
15680 26580
15681 27713
15682 28171
15683 29539
15684 32294
15685 37325
15686 37507
15687 21460
15688 22809
15689 23487
15690 28113
15691 31069
15692 32302
15693 31899
15694 22654
15695 29087
15696 20986
15697 34899
15698 36848
15699 20426
15700 23803
15701 26149
15702 30636
15703 31459
15704 33308
15705 39423
15706 20934
15707 24490
15708 26092
15709 26991
15710 27529
15711 28147
15712 28310
15713 28516
15714 30462
15715 32020
15716 24033
15717 36981
15718 37255
15719 38918
15720 20966
15721 21021
15722 25152
15723 26257
15724 26329
15725 28186
15726 24246
15727 32210
15728 32626
15729 26360
15730 34223
15731 34295
15732 35576
15733 21161
15734 21465
15735 22899
15736 24207
15737 24464
15738 24661
15739 37604
15740 38500
15741 20663
15742 20767
15905 21213
15906 21280
15907 21319
15908 21484
15909 21736
15910 21830
15911 21809
15912 22039
15913 22888
15914 22974
15915 23100
15916 23477
15917 23558
15918 23567
15919 23569
15920 23578
15921 24196
15922 24202
15923 24288
15924 24432
15925 25215
15926 25220
15927 25307
15928 25484
15929 25463
15930 26119
15931 26124
15932 26157
15933 26230
15934 26494
15935 26786
15936 27167
15937 27189
15938 27836
15939 28040
15940 28169
15941 28248
15942 28988
15943 28966
15944 29031
15945 30151
15946 30465
15947 30813
15948 30977
15949 31077
15950 31216
15951 31456
15952 31505
15953 31911
15954 32057
15955 32918
15956 33750
15957 33931
15958 34121
15959 34909
15960 35059
15961 35359
15962 35388
15963 35412
15964 35443
15965 35937
15966 36062
15967 37284
15968 37478
15969 37758
15970 37912
15971 38556
15972 38808
15973 19978
15974 19976
15975 19998
15976 20055
15977 20887
15978 21104
15979 22478
15980 22580
15981 22732
15982 23330
15983 24120
15984 24773
15985 25854
15986 26465
15987 26454
15988 27972
15989 29366
15990 30067
15991 31331
15992 33976
15993 35698
15994 37304
15995 37664
15996 22065
15997 22516
15998 39166
16417 28548
16418 25722
16419 23544
16420 19990
16421 28716
16422 30045
16423 26159
16424 20932
16425 21046
16426 21218
16427 22995
16428 24449
16429 24615
16430 25104
16431 25919
16432 25972
16433 26143
16434 26228
16435 26866
16436 26646
16437 27491
16438 28165
16439 29298
16440 29983
16441 30427
16442 31934
16443 32854
16444 22768
16445 35069
16446 35199
16447 35488
16448 35475
16449 35531
16450 36893
16451 37266
16452 38738
16453 38745
16454 25993
16455 31246
16456 33030
16457 38587
16458 24109
16459 24796
16460 25114
16461 26021
16462 26132
16463 26512
16464 30707
16465 31309
16466 31821
16467 32318
16468 33034
16469 36012
16470 36196
16471 36321
16472 36447
16473 30889
16474 20999
16475 25305
16476 25509
16477 25666
16478 25240
16479 35373
16480 31363
16481 31680
16482 35500
16483 38634
16484 32118
16485 33292
16486 34633
16487 20185
16488 20808
16489 21315
16490 21344
16491 23459
16492 23554
16493 23574
16494 24029
16495 25126
16496 25159
16497 25776
16498 26643
16499 26676
16500 27849
16501 27973
16502 27927
16503 26579
16504 28508
16505 29006
16506 29053
16507 26059
16508 31359
16509 31661
16510 32218
16673 32330
16674 32680
16675 33146
16676 33307
16677 33337
16678 34214
16679 35438
16680 36046
16681 36341
16682 36984
16683 36983
16684 37549
16685 37521
16686 38275
16687 39854
16688 21069
16689 21892
16690 28472
16691 28982
16692 20840
16693 31109
16694 32341
16695 33203
16696 31950
16697 22092
16698 22609
16699 23720
16700 25514
16701 26366
16702 26365
16703 26970
16704 29401
16705 30095
16706 30094
16707 30990
16708 31062
16709 31199
16710 31895
16711 32032
16712 32068
16713 34311
16714 35380
16715 38459
16716 36961
16717 40736
16718 20711
16719 21109
16720 21452
16721 21474
16722 20489
16723 21930
16724 22766
16725 22863
16726 29245
16727 23435
16728 23652
16729 21277
16730 24803
16731 24819
16732 25436
16733 25475
16734 25407
16735 25531
16736 25805
16737 26089
16738 26361
16739 24035
16740 27085
16741 27133
16742 28437
16743 29157
16744 20105
16745 30185
16746 30456
16747 31379
16748 31967
16749 32207
16750 32156
16751 32865
16752 33609
16753 33624
16754 33900
16755 33980
16756 34299
16757 35013
16758 36208
16759 36865
16760 36973
16761 37783
16762 38684
16763 39442
16764 20687
16765 22679
16766 24974
16929 33235
16930 34101
16931 36104
16932 36896
16933 20419
16934 20596
16935 21063
16936 21363
16937 24687
16938 25417
16939 26463
16940 28204
16941 36275
16942 36895
16943 20439
16944 23646
16945 36042
16946 26063
16947 32154
16948 21330
16949 34966
16950 20854
16951 25539
16952 23384
16953 23403
16954 23562
16955 25613
16956 26449
16957 36956
16958 20182
16959 22810
16960 22826
16961 27760
16962 35409
16963 21822
16964 22549
16965 22949
16966 24816
16967 25171
16968 26561
16969 33333
16970 26965
16971 38464
16972 39364
16973 39464
16974 20307
16975 22534
16976 23550
16977 32784
16978 23729
16979 24111
16980 24453
16981 24608
16982 24907
16983 25140
16984 26367
16985 27888
16986 28382
16987 32974
16988 33151
16989 33492
16990 34955
16991 36024
16992 36864
16993 36910
16994 38538
16995 40667
16996 39899
16997 20195
16998 21488
16999 22823
17000 31532
17001 37261
17002 38988
17003 40441
17004 28381
17005 28711
17006 21331
17007 21828
17008 23429
17009 25176
17010 25246
17011 25299
17012 27810
17013 28655
17014 29730
17015 35351
17016 37944
17017 28609
17018 35582
17019 33592
17020 20967
17021 34552
17022 21482
17185 21481
17186 20294
17187 36948
17188 36784
17189 22890
17190 33073
17191 24061
17192 31466
17193 36799
17194 26842
17195 35895
17196 29432
17197 40008
17198 27197
17199 35504
17200 20025
17201 21336
17202 22022
17203 22374
17204 25285
17205 25506
17206 26086
17207 27470
17208 28129
17209 28251
17210 28845
17211 30701
17212 31471
17213 31658
17214 32187
17215 32829
17216 32966
17217 34507
17218 35477
17219 37723
17220 22243
17221 22727
17222 24382
17223 26029
17224 26262
17225 27264
17226 27573
17227 30007
17228 35527
17229 20516
17230 30693
17231 22320
17232 24347
17233 24677
17234 26234
17235 27744
17236 30196
17237 31258
17238 32622
17239 33268
17240 34584
17241 36933
17242 39347
17243 31689
17244 30044
17245 31481
17246 31569
17247 33988
17248 36880
17249 31209
17250 31378
17251 33590
17252 23265
17253 30528
17254 20013
17255 20210
17256 23449
17257 24544
17258 25277
17259 26172
17260 26609
17261 27880
17262 34411
17263 34935
17264 35387
17265 37198
17266 37619
17267 39376
17268 27159
17269 28710
17270 29482
17271 33511
17272 33879
17273 36015
17274 19969
17275 20806
17276 20939
17277 21899
17278 23541
17441 24086
17442 24115
17443 24193
17444 24340
17445 24373
17446 24427
17447 24500
17448 25074
17449 25361
17450 26274
17451 26397
17452 28526
17453 29266
17454 30010
17455 30522
17456 32884
17457 33081
17458 33144
17459 34678
17460 35519
17461 35548
17462 36229
17463 36339
17464 37530
17465 38263
17466 38914
17467 40165
17468 21189
17469 25431
17470 30452
17471 26389
17472 27784
17473 29645
17474 36035
17475 37806
17476 38515
17477 27941
17478 22684
17479 26894
17480 27084
17481 36861
17482 37786
17483 30171
17484 36890
17485 22618
17486 26626
17487 25524
17488 27131
17489 20291
17490 28460
17491 26584
17492 36795
17493 34086
17494 32180
17495 37716
17496 26943
17497 28528
17498 22378
17499 22775
17500 23340
17501 32044
17502 29226
17503 21514
17504 37347
17505 40372
17506 20141
17507 20302
17508 20572
17509 20597
17510 21059
17511 35998
17512 21576
17513 22564
17514 23450
17515 24093
17516 24213
17517 24237
17518 24311
17519 24351
17520 24716
17521 25269
17522 25402
17523 25552
17524 26799
17525 27712
17526 30855
17527 31118
17528 31243
17529 32224
17530 33351
17531 35330
17532 35558
17533 36420
17534 36883
17697 37048
17698 37165
17699 37336
17700 40718
17701 27877
17702 25688
17703 25826
17704 25973
17705 28404
17706 30340
17707 31515
17708 36969
17709 37841
17710 28346
17711 21746
17712 24505
17713 25764
17714 36685
17715 36845
17716 37444
17717 20856
17718 22635
17719 22825
17720 23637
17721 24215
17722 28155
17723 32399
17724 29980
17725 36028
17726 36578
17727 39003
17728 28857
17729 20253
17730 27583
17731 28593
17732 30000
17733 38651
17734 20814
17735 21520
17736 22581
17737 22615
17738 22956
17739 23648
17740 24466
17741 26007
17742 26460
17743 28193
17744 30331
17745 33759
17746 36077
17747 36884
17748 37117
17749 37709
17750 30757
17751 30778
17752 21162
17753 24230
17754 22303
17755 22900
17756 24594
17757 20498
17758 20826
17759 20908
17760 20941
17761 20992
17762 21776
17763 22612
17764 22616
17765 22871
17766 23445
17767 23798
17768 23947
17769 24764
17770 25237
17771 25645
17772 26481
17773 26691
17774 26812
17775 26847
17776 30423
17777 28120
17778 28271
17779 28059
17780 28783
17781 29128
17782 24403
17783 30168
17784 31095
17785 31561
17786 31572
17787 31570
17788 31958
17789 32113
17790 21040
17953 33891
17954 34153
17955 34276
17956 35342
17957 35588
17958 35910
17959 36367
17960 36867
17961 36879
17962 37913
17963 38518
17964 38957
17965 39472
17966 38360
17967 20685
17968 21205
17969 21516
17970 22530
17971 23566
17972 24999
17973 25758
17974 27934
17975 30643
17976 31461
17977 33012
17978 33796
17979 36947
17980 37509
17981 23776
17982 40199
17983 21311
17984 24471
17985 24499
17986 28060
17987 29305
17988 30563
17989 31167
17990 31716
17991 27602
17992 29420
17993 35501
17994 26627
17995 27233
17996 20984
17997 31361
17998 26932
17999 23626
18000 40182
18001 33515
18002 23493
18003 37193
18004 28702
18005 22136
18006 23663
18007 24775
18008 25958
18009 27788
18010 35930
18011 36929
18012 38931
18013 21585
18014 26311
18015 37389
18016 22856
18017 37027
18018 20869
18019 20045
18020 20970
18021 34201
18022 35598
18023 28760
18024 25466
18025 37707
18026 26978
18027 39348
18028 32260
18029 30071
18030 21335
18031 26976
18032 36575
18033 38627
18034 27741
18035 20108
18036 23612
18037 24336
18038 36841
18039 21250
18040 36049
18041 32905
18042 34425
18043 24319
18044 26085
18045 20083
18046 20837
18209 22914
18210 23615
18211 38894
18212 20219
18213 22922
18214 24525
18215 35469
18216 28641
18217 31152
18218 31074
18219 23527
18220 33905
18221 29483
18222 29105
18223 24180
18224 24565
18225 25467
18226 25754
18227 29123
18228 31896
18229 20035
18230 24316
18231 20043
18232 22492
18233 22178
18234 24745
18235 28611
18236 32013
18237 33021
18238 33075
18239 33215
18240 36786
18241 35223
18242 34468
18243 24052
18244 25226
18245 25773
18246 35207
18247 26487
18248 27874
18249 27966
18250 29750
18251 30772
18252 23110
18253 32629
18254 33453
18255 39340
18256 20467
18257 24259
18258 25309
18259 25490
18260 25943
18261 26479
18262 30403
18263 29260
18264 32972
18265 32954
18266 36649
18267 37197
18268 20493
18269 22521
18270 23186
18271 26757
18272 26995
18273 29028
18274 29437
18275 36023
18276 22770
18277 36064
18278 38506
18279 36889
18280 34687
18281 31204
18282 30695
18283 33833
18284 20271
18285 21093
18286 21338
18287 25293
18288 26575
18289 27850
18290 30333
18291 31636
18292 31893
18293 33334
18294 34180
18295 36843
18296 26333
18297 28448
18298 29190
18299 32283
18300 33707
18301 39361
18302 40614
18465 20989
18466 31665
18467 30834
18468 31672
18469 32903
18470 31560
18471 27368
18472 24161
18473 32908
18474 30033
18475 30048
18476 20843
18477 37474
18478 28300
18479 30330
18480 37271
18481 39658
18482 20240
18483 32624
18484 25244
18485 31567
18486 38309
18487 40169
18488 22138
18489 22617
18490 34532
18491 38588
18492 20276
18493 21028
18494 21322
18495 21453
18496 21467
18497 24070
18498 25644
18499 26001
18500 26495
18501 27710
18502 27726
18503 29256
18504 29359
18505 29677
18506 30036
18507 32321
18508 33324
18509 34281
18510 36009
18511 31684
18512 37318
18513 29033
18514 38930
18515 39151
18516 25405
18517 26217
18518 30058
18519 30436
18520 30928
18521 34115
18522 34542
18523 21290
18524 21329
18525 21542
18526 22915
18527 24199
18528 24444
18529 24754
18530 25161
18531 25209
18532 25259
18533 26000
18534 27604
18535 27852
18536 30130
18537 30382
18538 30865
18539 31192
18540 32203
18541 32631
18542 32933
18543 34987
18544 35513
18545 36027
18546 36991
18547 38750
18548 39131
18549 27147
18550 31800
18551 20633
18552 23614
18553 24494
18554 26503
18555 27608
18556 29749
18557 30473
18558 32654
18721 40763
18722 26570
18723 31255
18724 21305
18725 30091
18726 39661
18727 24422
18728 33181
18729 33777
18730 32920
18731 24380
18732 24517
18733 30050
18734 31558
18735 36924
18736 26727
18737 23019
18738 23195
18739 32016
18740 30334
18741 35628
18742 20469
18743 24426
18744 27161
18745 27703
18746 28418
18747 29922
18748 31080
18749 34920
18750 35413
18751 35961
18752 24287
18753 25551
18754 30149
18755 31186
18756 33495
18757 37672
18758 37618
18759 33948
18760 34541
18761 39981
18762 21697
18763 24428
18764 25996
18765 27996
18766 28693
18767 36007
18768 36051
18769 38971
18770 25935
18771 29942
18772 19981
18773 20184
18774 22496
18775 22827
18776 23142
18777 23500
18778 20904
18779 24067
18780 24220
18781 24598
18782 25206
18783 25975
18784 26023
18785 26222
18786 28014
18787 29238
18788 31526
18789 33104
18790 33178
18791 33433
18792 35676
18793 36000
18794 36070
18795 36212
18796 38428
18797 38468
18798 20398
18799 25771
18800 27494
18801 33310
18802 33889
18803 34154
18804 37096
18805 23553
18806 26963
18807 39080
18808 33914
18809 34135
18810 20239
18811 21103
18812 24489
18813 24133
18814 26381
18977 31119
18978 33145
18979 35079
18980 35206
18981 28149
18982 24343
18983 25173
18984 27832
18985 20175
18986 29289
18987 39826
18988 20998
18989 21563
18990 22132
18991 22707
18992 24996
18993 25198
18994 28954
18995 22894
18996 31881
18997 31966
18998 32027
18999 38640
19000 25991
19001 32862
19002 19993
19003 20341
19004 20853
19005 22592
19006 24163
19007 24179
19008 24330
19009 26564
19010 20006
19011 34109
19012 38281
19013 38491
19014 31859
19015 38913
19016 20731
19017 22721
19018 30294
19019 30887
19020 21029
19021 30629
19022 34065
19023 31622
19024 20559
19025 22793
19026 29255
19027 31687
19028 32232
19029 36794
19030 36820
19031 36941
19032 20415
19033 21193
19034 23081
19035 24321
19036 38829
19037 20445
19038 33303
19039 37610
19040 22275
19041 25429
19042 27497
19043 29995
19044 35036
19045 36628
19046 31298
19047 21215
19048 22675
19049 24917
19050 25098
19051 26286
19052 27597
19053 31807
19054 33769
19055 20515
19056 20472
19057 21253
19058 21574
19059 22577
19060 22857
19061 23453
19062 23792
19063 23791
19064 23849
19065 24214
19066 25265
19067 25447
19068 25918
19069 26041
19070 26379
19233 27861
19234 27873
19235 28921
19236 30770
19237 32299
19238 32990
19239 33459
19240 33804
19241 34028
19242 34562
19243 35090
19244 35370
19245 35914
19246 37030
19247 37586
19248 39165
19249 40179
19250 40300
19251 20047
19252 20129
19253 20621
19254 21078
19255 22346
19256 22952
19257 24125
19258 24536
19259 24537
19260 25151
19261 26292
19262 26395
19263 26576
19264 26834
19265 20882
19266 32033
19267 32938
19268 33192
19269 35584
19270 35980
19271 36031
19272 37502
19273 38450
19274 21536
19275 38956
19276 21271
19277 20693
19278 21340
19279 22696
19280 25778
19281 26420
19282 29287
19283 30566
19284 31302
19285 37350
19286 21187
19287 27809
19288 27526
19289 22528
19290 24140
19291 22868
19292 26412
19293 32763
19294 20961
19295 30406
19296 25705
19297 30952
19298 39764
19299 40635
19300 22475
19301 22969
19302 26151
19303 26522
19304 27598
19305 21737
19306 27097
19307 24149
19308 33180
19309 26517
19310 39850
19311 26622
19312 40018
19313 26717
19314 20134
19315 20451
19316 21448
19317 25273
19318 26411
19319 27819
19320 36804
19321 20397
19322 32365
19323 40639
19324 19975
19325 24930
19326 28288
19489 28459
19490 34067
19491 21619
19492 26410
19493 39749
19494 24051
19495 31637
19496 23724
19497 23494
19498 34588
19499 28234
19500 34001
19501 31252
19502 33032
19503 22937
19504 31885
19505 27665
19506 30496
19507 21209
19508 22818
19509 28961
19510 29279
19511 30683
19512 38695
19513 40289
19514 26891
19515 23167
19516 23064
19517 20901
19518 21517
19519 21629
19520 26126
19521 30431
19522 36855
19523 37528
19524 40180
19525 23018
19526 29277
19527 28357
19528 20813
19529 26825
19530 32191
19531 32236
19532 38754
19533 40634
19534 25720
19535 27169
19536 33538
19537 22916
19538 23391
19539 27611
19540 29467
19541 30450
19542 32178
19543 32791
19544 33945
19545 20786
19546 26408
19547 40665
19548 30446
19549 26466
19550 21247
19551 39173
19552 23588
19553 25147
19554 31870
19555 36016
19556 21839
19557 24758
19558 32011
19559 38272
19560 21249
19561 20063
19562 20918
19563 22812
19564 29242
19565 32822
19566 37326
19567 24357
19568 30690
19569 21380
19570 24441
19571 32004
19572 34220
19573 35379
19574 36493
19575 38742
19576 26611
19577 34222
19578 37971
19579 24841
19580 24840
19581 27833
19582 30290
19745 35565
19746 36664
19747 21807
19748 20305
19749 20778
19750 21191
19751 21451
19752 23461
19753 24189
19754 24736
19755 24962
19756 25558
19757 26377
19758 26586
19759 28263
19760 28044
19761 29494
19762 29495
19763 30001
19764 31056
19765 35029
19766 35480
19767 36938
19768 37009
19769 37109
19770 38596
19771 34701
19772 22805
19773 20104
19774 20313
19775 19982
19776 35465
19777 36671
19778 38928
19779 20653
19780 24188
19781 22934
19782 23481
19783 24248
19784 25562
19785 25594
19786 25793
19787 26332
19788 26954
19789 27096
19790 27915
19791 28342
19792 29076
19793 29992
19794 31407
19795 32650
19796 32768
19797 33865
19798 33993
19799 35201
19800 35617
19801 36362
19802 36965
19803 38525
19804 39178
19805 24958
19806 25233
19807 27442
19808 27779
19809 28020
19810 32716
19811 32764
19812 28096
19813 32645
19814 34746
19815 35064
19816 26469
19817 33713
19818 38972
19819 38647
19820 27931
19821 32097
19822 33853
19823 37226
19824 20081
19825 21365
19826 23888
19827 27396
19828 28651
19829 34253
19830 34349
19831 35239
19832 21033
19833 21519
19834 23653
19835 26446
19836 26792
19837 29702
19838 29827
20001 30178
20002 35023
20003 35041
20004 37324
20005 38626
20006 38520
20007 24459
20008 29575
20009 31435
20010 33870
20011 25504
20012 30053
20013 21129
20014 27969
20015 28316
20016 29705
20017 30041
20018 30827
20019 31890
20020 38534
20021 31452
20022 40845
20023 20406
20024 24942
20025 26053
20026 34396
20027 20102
20028 20142
20029 20698
20030 20001
20031 20940
20032 23534
20033 26009
20034 26753
20035 28092
20036 29471
20037 30274
20038 30637
20039 31260
20040 31975
20041 33391
20042 35538
20043 36988
20044 37327
20045 38517
20046 38936
20047 21147
20048 32209
20049 20523
20050 21400
20051 26519
20052 28107
20053 29136
20054 29747
20055 33256
20056 36650
20057 38563
20058 40023
20059 40607
20060 29792
20061 22593
20062 28057
20063 32047
20064 39006
20065 20196
20066 20278
20067 20363
20068 20919
20069 21169
20070 23994
20071 24604
20072 29618
20073 31036
20074 33491
20075 37428
20076 38583
20077 38646
20078 38666
20079 40599
20080 40802
20081 26278
20082 27508
20083 21015
20084 21155
20085 28872
20086 35010
20087 24265
20088 24651
20089 24976
20090 28451
20091 29001
20092 31806
20093 32244
20094 32879
20257 34030
20258 36899
20259 37676
20260 21570
20261 39791
20262 27347
20263 28809
20264 36034
20265 36335
20266 38706
20267 21172
20268 23105
20269 24266
20270 24324
20271 26391
20272 27004
20273 27028
20274 28010
20275 28431
20276 29282
20277 29436
20278 31725
20279 32769
20280 32894
20281 34635
20282 37070
20283 20845
20284 40595
20285 31108
20286 32907
20287 37682
20288 35542
20289 20525
20290 21644
20291 35441
20292 27498
20293 36036
20294 33031
20295 24785
20296 26528
20297 40434
20298 20121
20299 20120
20300 39952
20301 35435
20302 34241
20303 34152
20304 26880
20305 28286
20306 30871
20307 33109
20513 24332
20514 19984
20515 19989
20516 20010
20517 20017
20518 20022
20519 20028
20520 20031
20521 20034
20522 20054
20523 20056
20524 20098
20525 20101
20526 35947
20527 20106
20528 33298
20529 24333
20530 20110
20531 20126
20532 20127
20533 20128
20534 20130
20535 20144
20536 20147
20537 20150
20538 20174
20539 20173
20540 20164
20541 20166
20542 20162
20543 20183
20544 20190
20545 20205
20546 20191
20547 20215
20548 20233
20549 20314
20550 20272
20551 20315
20552 20317
20553 20311
20554 20295
20555 20342
20556 20360
20557 20367
20558 20376
20559 20347
20560 20329
20561 20336
20562 20369
20563 20335
20564 20358
20565 20374
20566 20760
20567 20436
20568 20447
20569 20430
20570 20440
20571 20443
20572 20433
20573 20442
20574 20432
20575 20452
20576 20453
20577 20506
20578 20520
20579 20500
20580 20522
20581 20517
20582 20485
20583 20252
20584 20470
20585 20513
20586 20521
20587 20524
20588 20478
20589 20463
20590 20497
20591 20486
20592 20547
20593 20551
20594 26371
20595 20565
20596 20560
20597 20552
20598 20570
20599 20566
20600 20588
20601 20600
20602 20608
20603 20634
20604 20613
20605 20660
20606 20658
20769 20681
20770 20682
20771 20659
20772 20674
20773 20694
20774 20702
20775 20709
20776 20717
20777 20707
20778 20718
20779 20729
20780 20725
20781 20745
20782 20737
20783 20738
20784 20758
20785 20757
20786 20756
20787 20762
20788 20769
20789 20794
20790 20791
20791 20796
20792 20795
20793 20799
20794 20800
20795 20818
20796 20812
20797 20820
20798 20834
20799 31480
20800 20841
20801 20842
20802 20846
20803 20864
20804 20866
20805 22232
20806 20876
20807 20873
20808 20879
20809 20881
20810 20883
20811 20885
20812 20886
20813 20900
20814 20902
20815 20898
20816 20905
20817 20906
20818 20907
20819 20915
20820 20913
20821 20914
20822 20912
20823 20917
20824 20925
20825 20933
20826 20937
20827 20955
20828 20960
20829 34389
20830 20969
20831 20973
20832 20976
20833 20981
20834 20990
20835 20996
20836 21003
20837 21012
20838 21006
20839 21031
20840 21034
20841 21038
20842 21043
20843 21049
20844 21071
20845 21060
20846 21067
20847 21068
20848 21086
20849 21076
20850 21098
20851 21108
20852 21097
20853 21107
20854 21119
20855 21117
20856 21133
20857 21140
20858 21138
20859 21105
20860 21128
20861 21137
20862 36776
21025 36775
21026 21164
21027 21165
21028 21180
21029 21173
21030 21185
21031 21197
21032 21207
21033 21214
21034 21219
21035 21222
21036 39149
21037 21216
21038 21235
21039 21237
21040 21240
21041 21241
21042 21254
21043 21256
21044 30008
21045 21261
21046 21264
21047 21263
21048 21269
21049 21274
21050 21283
21051 21295
21052 21297
21053 21299
21054 21304
21055 21312
21056 21318
21057 21317
21058 19991
21059 21321
21060 21325
21061 20950
21062 21342
21063 21353
21064 21358
21065 22808
21066 21371
21067 21367
21068 21378
21069 21398
21070 21408
21071 21414
21072 21413
21073 21422
21074 21424
21075 21430
21076 21443
21077 31762
21078 38617
21079 21471
21080 26364
21081 29166
21082 21486
21083 21480
21084 21485
21085 21498
21086 21505
21087 21565
21088 21568
21089 21548
21090 21549
21091 21564
21092 21550
21093 21558
21094 21545
21095 21533
21096 21582
21097 21647
21098 21621
21099 21646
21100 21599
21101 21617
21102 21623
21103 21616
21104 21650
21105 21627
21106 21632
21107 21622
21108 21636
21109 21648
21110 21638
21111 21703
21112 21666
21113 21688
21114 21669
21115 21676
21116 21700
21117 21704
21118 21672
21281 21675
21282 21698
21283 21668
21284 21694
21285 21692
21286 21720
21287 21733
21288 21734
21289 21775
21290 21780
21291 21757
21292 21742
21293 21741
21294 21754
21295 21730
21296 21817
21297 21824
21298 21859
21299 21836
21300 21806
21301 21852
21302 21829
21303 21846
21304 21847
21305 21816
21306 21811
21307 21853
21308 21913
21309 21888
21310 21679
21311 21898
21312 21919
21313 21883
21314 21886
21315 21912
21316 21918
21317 21934
21318 21884
21319 21891
21320 21929
21321 21895
21322 21928
21323 21978
21324 21957
21325 21983
21326 21956
21327 21980
21328 21988
21329 21972
21330 22036
21331 22007
21332 22038
21333 22014
21334 22013
21335 22043
21336 22009
21337 22094
21338 22096
21339 29151
21340 22068
21341 22070
21342 22066
21343 22072
21344 22123
21345 22116
21346 22063
21347 22124
21348 22122
21349 22150
21350 22144
21351 22154
21352 22176
21353 22164
21354 22159
21355 22181
21356 22190
21357 22198
21358 22196
21359 22210
21360 22204
21361 22209
21362 22211
21363 22208
21364 22216
21365 22222
21366 22225
21367 22227
21368 22231
21369 22254
21370 22265
21371 22272
21372 22271
21373 22276
21374 22281
21537 22280
21538 22283
21539 22285
21540 22291
21541 22296
21542 22294
21543 21959
21544 22300
21545 22310
21546 22327
21547 22328
21548 22350
21549 22331
21550 22336
21551 22351
21552 22377
21553 22464
21554 22408
21555 22369
21556 22399
21557 22409
21558 22419
21559 22432
21560 22451
21561 22436
21562 22442
21563 22448
21564 22467
21565 22470
21566 22484
21567 22482
21568 22483
21569 22538
21570 22486
21571 22499
21572 22539
21573 22553
21574 22557
21575 22642
21576 22561
21577 22626
21578 22603
21579 22640
21580 27584
21581 22610
21582 22589
21583 22649
21584 22661
21585 22713
21586 22687
21587 22699
21588 22714
21589 22750
21590 22715
21591 22712
21592 22702
21593 22725
21594 22739
21595 22737
21596 22743
21597 22745
21598 22744
21599 22757
21600 22748
21601 22756
21602 22751
21603 22767
21604 22778
21605 22777
21606 22779
21607 22780
21608 22781
21609 22786
21610 22794
21611 22800
21612 22811
21613 26790
21614 22821
21615 22828
21616 22829
21617 22834
21618 22840
21619 22846
21620 31442
21621 22869
21622 22864
21623 22862
21624 22874
21625 22872
21626 22882
21627 22880
21628 22887
21629 22892
21630 22889
21793 22904
21794 22913
21795 22941
21796 20318
21797 20395
21798 22947
21799 22962
21800 22982
21801 23016
21802 23004
21803 22925
21804 23001
21805 23002
21806 23077
21807 23071
21808 23057
21809 23068
21810 23049
21811 23066
21812 23104
21813 23148
21814 23113
21815 23093
21816 23094
21817 23138
21818 23146
21819 23194
21820 23228
21821 23230
21822 23243
21823 23234
21824 23229
21825 23267
21826 23255
21827 23270
21828 23273
21829 23254
21830 23290
21831 23291
21832 23308
21833 23307
21834 23318
21835 23346
21836 23248
21837 23338
21838 23350
21839 23358
21840 23363
21841 23365
21842 23360
21843 23377
21844 23381
21845 23386
21846 23387
21847 23397
21848 23401
21849 23408
21850 23411
21851 23413
21852 23416
21853 25992
21854 23418
21855 23424
21856 23427
21857 23462
21858 23480
21859 23491
21860 23495
21861 23497
21862 23508
21863 23504
21864 23524
21865 23526
21866 23522
21867 23518
21868 23525
21869 23531
21870 23536
21871 23542
21872 23539
21873 23557
21874 23559
21875 23560
21876 23565
21877 23571
21878 23584
21879 23586
21880 23592
21881 23608
21882 23609
21883 23617
21884 23622
21885 23630
21886 23635
22049 23632
22050 23631
22051 23409
22052 23660
22053 23662
22054 20066
22055 23670
22056 23673
22057 23692
22058 23697
22059 23700
22060 22939
22061 23723
22062 23739
22063 23734
22064 23740
22065 23735
22066 23749
22067 23742
22068 23751
22069 23769
22070 23785
22071 23805
22072 23802
22073 23789
22074 23948
22075 23786
22076 23819
22077 23829
22078 23831
22079 23900
22080 23839
22081 23835
22082 23825
22083 23828
22084 23842
22085 23834
22086 23833
22087 23832
22088 23884
22089 23890
22090 23886
22091 23883
22092 23916
22093 23923
22094 23926
22095 23943
22096 23940
22097 23938
22098 23970
22099 23965
22100 23980
22101 23982
22102 23997
22103 23952
22104 23991
22105 23996
22106 24009
22107 24013
22108 24019
22109 24018
22110 24022
22111 24027
22112 24043
22113 24050
22114 24053
22115 24075
22116 24090
22117 24089
22118 24081
22119 24091
22120 24118
22121 24119
22122 24132
22123 24131
22124 24128
22125 24142
22126 24151
22127 24148
22128 24159
22129 24162
22130 24164
22131 24135
22132 24181
22133 24182
22134 24186
22135 40636
22136 24191
22137 24224
22138 24257
22139 24258
22140 24264
22141 24272
22142 24271
22305 24278
22306 24291
22307 24285
22308 24282
22309 24283
22310 24290
22311 24289
22312 24296
22313 24297
22314 24300
22315 24305
22316 24307
22317 24304
22318 24308
22319 24312
22320 24318
22321 24323
22322 24329
22323 24413
22324 24412
22325 24331
22326 24337
22327 24342
22328 24361
22329 24365
22330 24376
22331 24385
22332 24392
22333 24396
22334 24398
22335 24367
22336 24401
22337 24406
22338 24407
22339 24409
22340 24417
22341 24429
22342 24435
22343 24439
22344 24451
22345 24450
22346 24447
22347 24458
22348 24456
22349 24465
22350 24455
22351 24478
22352 24473
22353 24472
22354 24480
22355 24488
22356 24493
22357 24508
22358 24534
22359 24571
22360 24548
22361 24568
22362 24561
22363 24541
22364 24755
22365 24575
22366 24609
22367 24672
22368 24601
22369 24592
22370 24617
22371 24590
22372 24625
22373 24603
22374 24597
22375 24619
22376 24614
22377 24591
22378 24634
22379 24666
22380 24641
22381 24682
22382 24695
22383 24671
22384 24650
22385 24646
22386 24653
22387 24675
22388 24643
22389 24676
22390 24642
22391 24684
22392 24683
22393 24665
22394 24705
22395 24717
22396 24807
22397 24707
22398 24730
22561 24708
22562 24731
22563 24726
22564 24727
22565 24722
22566 24743
22567 24715
22568 24801
22569 24760
22570 24800
22571 24787
22572 24756
22573 24560
22574 24765
22575 24774
22576 24757
22577 24792
22578 24909
22579 24853
22580 24838
22581 24822
22582 24823
22583 24832
22584 24820
22585 24826
22586 24835
22587 24865
22588 24827
22589 24817
22590 24845
22591 24846
22592 24903
22593 24894
22594 24872
22595 24871
22596 24906
22597 24895
22598 24892
22599 24876
22600 24884
22601 24893
22602 24898
22603 24900
22604 24947
22605 24951
22606 24920
22607 24921
22608 24922
22609 24939
22610 24948
22611 24943
22612 24933
22613 24945
22614 24927
22615 24925
22616 24915
22617 24949
22618 24985
22619 24982
22620 24967
22621 25004
22622 24980
22623 24986
22624 24970
22625 24977
22626 25003
22627 25006
22628 25036
22629 25034
22630 25033
22631 25079
22632 25032
22633 25027
22634 25030
22635 25018
22636 25035
22637 32633
22638 25037
22639 25062
22640 25059
22641 25078
22642 25082
22643 25076
22644 25087
22645 25085
22646 25084
22647 25086
22648 25088
22649 25096
22650 25097
22651 25101
22652 25100
22653 25108
22654 25115
22817 25118
22818 25121
22819 25130
22820 25134
22821 25136
22822 25138
22823 25139
22824 25153
22825 25166
22826 25182
22827 25187
22828 25179
22829 25184
22830 25192
22831 25212
22832 25218
22833 25225
22834 25214
22835 25234
22836 25235
22837 25238
22838 25300
22839 25219
22840 25236
22841 25303
22842 25297
22843 25275
22844 25295
22845 25343
22846 25286
22847 25812
22848 25288
22849 25308
22850 25292
22851 25290
22852 25282
22853 25287
22854 25243
22855 25289
22856 25356
22857 25326
22858 25329
22859 25383
22860 25346
22861 25352
22862 25327
22863 25333
22864 25424
22865 25406
22866 25421
22867 25628
22868 25423
22869 25494
22870 25486
22871 25472
22872 25515
22873 25462
22874 25507
22875 25487
22876 25481
22877 25503
22878 25525
22879 25451
22880 25449
22881 25534
22882 25577
22883 25536
22884 25542
22885 25571
22886 25545
22887 25554
22888 25590
22889 25540
22890 25622
22891 25652
22892 25606
22893 25619
22894 25638
22895 25654
22896 25885
22897 25623
22898 25640
22899 25615
22900 25703
22901 25711
22902 25718
22903 25678
22904 25898
22905 25749
22906 25747
22907 25765
22908 25769
22909 25736
22910 25788
23073 25818
23074 25810
23075 25797
23076 25799
23077 25787
23078 25816
23079 25794
23080 25841
23081 25831
23082 33289
23083 25824
23084 25825
23085 25260
23086 25827
23087 25839
23088 25900
23089 25846
23090 25844
23091 25842
23092 25850
23093 25856
23094 25853
23095 25880
23096 25884
23097 25861
23098 25892
23099 25891
23100 25899
23101 25908
23102 25909
23103 25911
23104 25910
23105 25912
23106 30027
23107 25928
23108 25942
23109 25941
23110 25933
23111 25944
23112 25950
23113 25949
23114 25970
23115 25976
23116 25986
23117 25987
23118 35722
23119 26011
23120 26015
23121 26027
23122 26039
23123 26051
23124 26054
23125 26049
23126 26052
23127 26060
23128 26066
23129 26075
23130 26073
23131 26080
23132 26081
23133 26097
23134 26482
23135 26122
23136 26115
23137 26107
23138 26483
23139 26165
23140 26166
23141 26164
23142 26140
23143 26191
23144 26180
23145 26185
23146 26177
23147 26206
23148 26205
23149 26212
23150 26215
23151 26216
23152 26207
23153 26210
23154 26224
23155 26243
23156 26248
23157 26254
23158 26249
23159 26244
23160 26264
23161 26269
23162 26305
23163 26297
23164 26313
23165 26302
23166 26300
23329 26308
23330 26296
23331 26326
23332 26330
23333 26336
23334 26175
23335 26342
23336 26345
23337 26352
23338 26357
23339 26359
23340 26383
23341 26390
23342 26398
23343 26406
23344 26407
23345 38712
23346 26414
23347 26431
23348 26422
23349 26433
23350 26424
23351 26423
23352 26438
23353 26462
23354 26464
23355 26457
23356 26467
23357 26468
23358 26505
23359 26480
23360 26537
23361 26492
23362 26474
23363 26508
23364 26507
23365 26534
23366 26529
23367 26501
23368 26551
23369 26607
23370 26548
23371 26604
23372 26547
23373 26601
23374 26552
23375 26596
23376 26590
23377 26589
23378 26594
23379 26606
23380 26553
23381 26574
23382 26566
23383 26599
23384 27292
23385 26654
23386 26694
23387 26665
23388 26688
23389 26701
23390 26674
23391 26702
23392 26803
23393 26667
23394 26713
23395 26723
23396 26743
23397 26751
23398 26783
23399 26767
23400 26797
23401 26772
23402 26781
23403 26779
23404 26755
23405 27310
23406 26809
23407 26740
23408 26805
23409 26784
23410 26810
23411 26895
23412 26765
23413 26750
23414 26881
23415 26826
23416 26888
23417 26840
23418 26914
23419 26918
23420 26849
23421 26892
23422 26829
23585 26836
23586 26855
23587 26837
23588 26934
23589 26898
23590 26884
23591 26839
23592 26851
23593 26917
23594 26873
23595 26848
23596 26863
23597 26920
23598 26922
23599 26906
23600 26915
23601 26913
23602 26822
23603 27001
23604 26999
23605 26972
23606 27000
23607 26987
23608 26964
23609 27006
23610 26990
23611 26937
23612 26996
23613 26941
23614 26969
23615 26928
23616 26977
23617 26974
23618 26973
23619 27009
23620 26986
23621 27058
23622 27054
23623 27088
23624 27071
23625 27073
23626 27091
23627 27070
23628 27086
23629 23528
23630 27082
23631 27101
23632 27067
23633 27075
23634 27047
23635 27182
23636 27025
23637 27040
23638 27036
23639 27029
23640 27060
23641 27102
23642 27112
23643 27138
23644 27163
23645 27135
23646 27402
23647 27129
23648 27122
23649 27111
23650 27141
23651 27057
23652 27166
23653 27117
23654 27156
23655 27115
23656 27146
23657 27154
23658 27329
23659 27171
23660 27155
23661 27204
23662 27148
23663 27250
23664 27190
23665 27256
23666 27207
23667 27234
23668 27225
23669 27238
23670 27208
23671 27192
23672 27170
23673 27280
23674 27277
23675 27296
23676 27268
23677 27298
23678 27299
23841 27287
23842 34327
23843 27323
23844 27331
23845 27330
23846 27320
23847 27315
23848 27308
23849 27358
23850 27345
23851 27359
23852 27306
23853 27354
23854 27370
23855 27387
23856 27397
23857 34326
23858 27386
23859 27410
23860 27414
23861 39729
23862 27423
23863 27448
23864 27447
23865 30428
23866 27449
23867 39150
23868 27463
23869 27459
23870 27465
23871 27472
23872 27481
23873 27476
23874 27483
23875 27487
23876 27489
23877 27512
23878 27513
23879 27519
23880 27520
23881 27524
23882 27523
23883 27533
23884 27544
23885 27541
23886 27550
23887 27556
23888 27562
23889 27563
23890 27567
23891 27570
23892 27569
23893 27571
23894 27575
23895 27580
23896 27590
23897 27595
23898 27603
23899 27615
23900 27628
23901 27627
23902 27635
23903 27631
23904 40638
23905 27656
23906 27667
23907 27668
23908 27675
23909 27684
23910 27683
23911 27742
23912 27733
23913 27746
23914 27754
23915 27778
23916 27789
23917 27802
23918 27777
23919 27803
23920 27774
23921 27752
23922 27763
23923 27794
23924 27792
23925 27844
23926 27889
23927 27859
23928 27837
23929 27863
23930 27845
23931 27869
23932 27822
23933 27825
23934 27838
24097 27834
24098 27867
24099 27887
24100 27865
24101 27882
24102 27935
24103 34893
24104 27958
24105 27947
24106 27965
24107 27960
24108 27929
24109 27957
24110 27955
24111 27922
24112 27916
24113 28003
24114 28051
24115 28004
24116 27994
24117 28025
24118 27993
24119 28046
24120 28053
24121 28644
24122 28037
24123 28153
24124 28181
24125 28170
24126 28085
24127 28103
24128 28134
24129 28088
24130 28102
24131 28140
24132 28126
24133 28108
24134 28136
24135 28114
24136 28101
24137 28154
24138 28121
24139 28132
24140 28117
24141 28138
24142 28142
24143 28205
24144 28270
24145 28206
24146 28185
24147 28274
24148 28255
24149 28222
24150 28195
24151 28267
24152 28203
24153 28278
24154 28237
24155 28191
24156 28227
24157 28218
24158 28238
24159 28196
24160 28415
24161 28189
24162 28216
24163 28290
24164 28330
24165 28312
24166 28361
24167 28343
24168 28371
24169 28349
24170 28335
24171 28356
24172 28338
24173 28372
24174 28373
24175 28303
24176 28325
24177 28354
24178 28319
24179 28481
24180 28433
24181 28748
24182 28396
24183 28408
24184 28414
24185 28479
24186 28402
24187 28465
24188 28399
24189 28466
24190 28364
24353 28478
24354 28435
24355 28407
24356 28550
24357 28538
24358 28536
24359 28545
24360 28544
24361 28527
24362 28507
24363 28659
24364 28525
24365 28546
24366 28540
24367 28504
24368 28558
24369 28561
24370 28610
24371 28518
24372 28595
24373 28579
24374 28577
24375 28580
24376 28601
24377 28614
24378 28586
24379 28639
24380 28629
24381 28652
24382 28628
24383 28632
24384 28657
24385 28654
24386 28635
24387 28681
24388 28683
24389 28666
24390 28689
24391 28673
24392 28687
24393 28670
24394 28699
24395 28698
24396 28532
24397 28701
24398 28696
24399 28703
24400 28720
24401 28734
24402 28722
24403 28753
24404 28771
24405 28825
24406 28818
24407 28847
24408 28913
24409 28844
24410 28856
24411 28851
24412 28846
24413 28895
24414 28875
24415 28893
24416 28889
24417 28937
24418 28925
24419 28956
24420 28953
24421 29029
24422 29013
24423 29064
24424 29030
24425 29026
24426 29004
24427 29014
24428 29036
24429 29071
24430 29179
24431 29060
24432 29077
24433 29096
24434 29100
24435 29143
24436 29113
24437 29118
24438 29138
24439 29129
24440 29140
24441 29134
24442 29152
24443 29164
24444 29159
24445 29173
24446 29180
24609 29177
24610 29183
24611 29197
24612 29200
24613 29211
24614 29224
24615 29229
24616 29228
24617 29232
24618 29234
24619 29243
24620 29244
24621 29247
24622 29248
24623 29254
24624 29259
24625 29272
24626 29300
24627 29310
24628 29314
24629 29313
24630 29319
24631 29330
24632 29334
24633 29346
24634 29351
24635 29369
24636 29362
24637 29379
24638 29382
24639 29380
24640 29390
24641 29394
24642 29410
24643 29408
24644 29409
24645 29433
24646 29431
24647 20495
24648 29463
24649 29450
24650 29468
24651 29462
24652 29469
24653 29492
24654 29487
24655 29481
24656 29477
24657 29502
24658 29518
24659 29519
24660 40664
24661 29527
24662 29546
24663 29544
24664 29552
24665 29560
24666 29557
24667 29563
24668 29562
24669 29640
24670 29619
24671 29646
24672 29627
24673 29632
24674 29669
24675 29678
24676 29662
24677 29858
24678 29701
24679 29807
24680 29733
24681 29688
24682 29746
24683 29754
24684 29781
24685 29759
24686 29791
24687 29785
24688 29761
24689 29788
24690 29801
24691 29808
24692 29795
24693 29802
24694 29814
24695 29822
24696 29835
24697 29854
24698 29863
24699 29898
24700 29903
24701 29908
24702 29681
24865 29920
24866 29923
24867 29927
24868 29929
24869 29934
24870 29938
24871 29936
24872 29937
24873 29944
24874 29943
24875 29956
24876 29955
24877 29957
24878 29964
24879 29966
24880 29965
24881 29973
24882 29971
24883 29982
24884 29990
24885 29996
24886 30012
24887 30020
24888 30029
24889 30026
24890 30025
24891 30043
24892 30022
24893 30042
24894 30057
24895 30052
24896 30055
24897 30059
24898 30061
24899 30072
24900 30070
24901 30086
24902 30087
24903 30068
24904 30090
24905 30089
24906 30082
24907 30100
24908 30106
24909 30109
24910 30117
24911 30115
24912 30146
24913 30131
24914 30147
24915 30133
24916 30141
24917 30136
24918 30140
24919 30129
24920 30157
24921 30154
24922 30162
24923 30169
24924 30179
24925 30174
24926 30206
24927 30207
24928 30204
24929 30209
24930 30192
24931 30202
24932 30194
24933 30195
24934 30219
24935 30221
24936 30217
24937 30239
24938 30247
24939 30240
24940 30241
24941 30242
24942 30244
24943 30260
24944 30256
24945 30267
24946 30279
24947 30280
24948 30278
24949 30300
24950 30296
24951 30305
24952 30306
24953 30312
24954 30313
24955 30314
24956 30311
24957 30316
24958 30320
25121 30322
25122 30326
25123 30328
25124 30332
25125 30336
25126 30339
25127 30344
25128 30347
25129 30350
25130 30358
25131 30355
25132 30361
25133 30362
25134 30384
25135 30388
25136 30392
25137 30393
25138 30394
25139 30402
25140 30413
25141 30422
25142 30418
25143 30430
25144 30433
25145 30437
25146 30439
25147 30442
25148 34351
25149 30459
25150 30472
25151 30471
25152 30468
25153 30505
25154 30500
25155 30494
25156 30501
25157 30502
25158 30491
25159 30519
25160 30520
25161 30535
25162 30554
25163 30568
25164 30571
25165 30555
25166 30565
25167 30591
25168 30590
25169 30585
25170 30606
25171 30603
25172 30609
25173 30624
25174 30622
25175 30640
25176 30646
25177 30649
25178 30655
25179 30652
25180 30653
25181 30651
25182 30663
25183 30669
25184 30679
25185 30682
25186 30684
25187 30691
25188 30702
25189 30716
25190 30732
25191 30738
25192 31014
25193 30752
25194 31018
25195 30789
25196 30862
25197 30836
25198 30854
25199 30844
25200 30874
25201 30860
25202 30883
25203 30901
25204 30890
25205 30895
25206 30929
25207 30918
25208 30923
25209 30932
25210 30910
25211 30908
25212 30917
25213 30922
25214 30956
25377 30951
25378 30938
25379 30973
25380 30964
25381 30983
25382 30994
25383 30993
25384 31001
25385 31020
25386 31019
25387 31040
25388 31072
25389 31063
25390 31071
25391 31066
25392 31061
25393 31059
25394 31098
25395 31103
25396 31114
25397 31133
25398 31143
25399 40779
25400 31146
25401 31150
25402 31155
25403 31161
25404 31162
25405 31177
25406 31189
25407 31207
25408 31212
25409 31201
25410 31203
25411 31240
25412 31245
25413 31256
25414 31257
25415 31264
25416 31263
25417 31104
25418 31281
25419 31291
25420 31294
25421 31287
25422 31299
25423 31319
25424 31305
25425 31329
25426 31330
25427 31337
25428 40861
25429 31344
25430 31353
25431 31357
25432 31368
25433 31383
25434 31381
25435 31384
25436 31382
25437 31401
25438 31432
25439 31408
25440 31414
25441 31429
25442 31428
25443 31423
25444 36995
25445 31431
25446 31434
25447 31437
25448 31439
25449 31445
25450 31443
25451 31449
25452 31450
25453 31453
25454 31457
25455 31458
25456 31462
25457 31469
25458 31472
25459 31490
25460 31503
25461 31498
25462 31494
25463 31539
25464 31512
25465 31513
25466 31518
25467 31541
25468 31528
25469 31542
25470 31568
25633 31610
25634 31492
25635 31565
25636 31499
25637 31564
25638 31557
25639 31605
25640 31589
25641 31604
25642 31591
25643 31600
25644 31601
25645 31596
25646 31598
25647 31645
25648 31640
25649 31647
25650 31629
25651 31644
25652 31642
25653 31627
25654 31634
25655 31631
25656 31581
25657 31641
25658 31691
25659 31681
25660 31692
25661 31695
25662 31668
25663 31686
25664 31709
25665 31721
25666 31761
25667 31764
25668 31718
25669 31717
25670 31840
25671 31744
25672 31751
25673 31763
25674 31731
25675 31735
25676 31767
25677 31757
25678 31734
25679 31779
25680 31783
25681 31786
25682 31775
25683 31799
25684 31787
25685 31805
25686 31820
25687 31811
25688 31828
25689 31823
25690 31808
25691 31824
25692 31832
25693 31839
25694 31844
25695 31830
25696 31845
25697 31852
25698 31861
25699 31875
25700 31888
25701 31908
25702 31917
25703 31906
25704 31915
25705 31905
25706 31912
25707 31923
25708 31922
25709 31921
25710 31918
25711 31929
25712 31933
25713 31936
25714 31941
25715 31938
25716 31960
25717 31954
25718 31964
25719 31970
25720 39739
25721 31983
25722 31986
25723 31988
25724 31990
25725 31994
25726 32006
25889 32002
25890 32028
25891 32021
25892 32010
25893 32069
25894 32075
25895 32046
25896 32050
25897 32063
25898 32053
25899 32070
25900 32115
25901 32086
25902 32078
25903 32114
25904 32104
25905 32110
25906 32079
25907 32099
25908 32147
25909 32137
25910 32091
25911 32143
25912 32125
25913 32155
25914 32186
25915 32174
25916 32163
25917 32181
25918 32199
25919 32189
25920 32171
25921 32317
25922 32162
25923 32175
25924 32220
25925 32184
25926 32159
25927 32176
25928 32216
25929 32221
25930 32228
25931 32222
25932 32251
25933 32242
25934 32225
25935 32261
25936 32266
25937 32291
25938 32289
25939 32274
25940 32305
25941 32287
25942 32265
25943 32267
25944 32290
25945 32326
25946 32358
25947 32315
25948 32309
25949 32313
25950 32323
25951 32311
25952 32306
25953 32314
25954 32359
25955 32349
25956 32342
25957 32350
25958 32345
25959 32346
25960 32377
25961 32362
25962 32361
25963 32380
25964 32379
25965 32387
25966 32213
25967 32381
25968 36782
25969 32383
25970 32392
25971 32393
25972 32396
25973 32402
25974 32400
25975 32403
25976 32404
25977 32406
25978 32398
25979 32411
25980 32412
25981 32568
25982 32570
26145 32581
26146 32588
26147 32589
26148 32590
26149 32592
26150 32593
26151 32597
26152 32596
26153 32600
26154 32607
26155 32608
26156 32616
26157 32617
26158 32615
26159 32632
26160 32642
26161 32646
26162 32643
26163 32648
26164 32647
26165 32652
26166 32660
26167 32670
26168 32669
26169 32666
26170 32675
26171 32687
26172 32690
26173 32697
26174 32686
26175 32694
26176 32696
26177 35697
26178 32709
26179 32710
26180 32714
26181 32725
26182 32724
26183 32737
26184 32742
26185 32745
26186 32755
26187 32761
26188 39132
26189 32774
26190 32772
26191 32779
26192 32786
26193 32792
26194 32793
26195 32796
26196 32801
26197 32808
26198 32831
26199 32827
26200 32842
26201 32838
26202 32850
26203 32856
26204 32858
26205 32863
26206 32866
26207 32872
26208 32883
26209 32882
26210 32880
26211 32886
26212 32889
26213 32893
26214 32895
26215 32900
26216 32902
26217 32901
26218 32923
26219 32915
26220 32922
26221 32941
26222 20880
26223 32940
26224 32987
26225 32997
26226 32985
26227 32989
26228 32964
26229 32986
26230 32982
26231 33033
26232 33007
26233 33009
26234 33051
26235 33065
26236 33059
26237 33071
26238 33099
26401 38539
26402 33094
26403 33086
26404 33107
26405 33105
26406 33020
26407 33137
26408 33134
26409 33125
26410 33126
26411 33140
26412 33155
26413 33160
26414 33162
26415 33152
26416 33154
26417 33184
26418 33173
26419 33188
26420 33187
26421 33119
26422 33171
26423 33193
26424 33200
26425 33205
26426 33214
26427 33208
26428 33213
26429 33216
26430 33218
26431 33210
26432 33225
26433 33229
26434 33233
26435 33241
26436 33240
26437 33224
26438 33242
26439 33247
26440 33248
26441 33255
26442 33274
26443 33275
26444 33278
26445 33281
26446 33282
26447 33285
26448 33287
26449 33290
26450 33293
26451 33296
26452 33302
26453 33321
26454 33323
26455 33336
26456 33331
26457 33344
26458 33369
26459 33368
26460 33373
26461 33370
26462 33375
26463 33380
26464 33378
26465 33384
26466 33386
26467 33387
26468 33326
26469 33393
26470 33399
26471 33400
26472 33406
26473 33421
26474 33426
26475 33451
26476 33439
26477 33467
26478 33452
26479 33505
26480 33507
26481 33503
26482 33490
26483 33524
26484 33523
26485 33530
26486 33683
26487 33539
26488 33531
26489 33529
26490 33502
26491 33542
26492 33500
26493 33545
26494 33497
26657 33589
26658 33588
26659 33558
26660 33586
26661 33585
26662 33600
26663 33593
26664 33616
26665 33605
26666 33583
26667 33579
26668 33559
26669 33560
26670 33669
26671 33690
26672 33706
26673 33695
26674 33698
26675 33686
26676 33571
26677 33678
26678 33671
26679 33674
26680 33660
26681 33717
26682 33651
26683 33653
26684 33696
26685 33673
26686 33704
26687 33780
26688 33811
26689 33771
26690 33742
26691 33789
26692 33795
26693 33752
26694 33803
26695 33729
26696 33783
26697 33799
26698 33760
26699 33778
26700 33805
26701 33826
26702 33824
26703 33725
26704 33848
26705 34054
26706 33787
26707 33901
26708 33834
26709 33852
26710 34138
26711 33924
26712 33911
26713 33899
26714 33965
26715 33902
26716 33922
26717 33897
26718 33862
26719 33836
26720 33903
26721 33913
26722 33845
26723 33994
26724 33890
26725 33977
26726 33983
26727 33951
26728 34009
26729 33997
26730 33979
26731 34010
26732 34000
26733 33985
26734 33990
26735 34006
26736 33953
26737 34081
26738 34047
26739 34036
26740 34071
26741 34072
26742 34092
26743 34079
26744 34069
26745 34068
26746 34044
26747 34112
26748 34147
26749 34136
26750 34120
26913 34113
26914 34306
26915 34123
26916 34133
26917 34176
26918 34212
26919 34184
26920 34193
26921 34186
26922 34216
26923 34157
26924 34196
26925 34203
26926 34282
26927 34183
26928 34204
26929 34167
26930 34174
26931 34192
26932 34249
26933 34234
26934 34255
26935 34233
26936 34256
26937 34261
26938 34269
26939 34277
26940 34268
26941 34297
26942 34314
26943 34323
26944 34315
26945 34302
26946 34298
26947 34310
26948 34338
26949 34330
26950 34352
26951 34367
26952 34381
26953 20053
26954 34388
26955 34399
26956 34407
26957 34417
26958 34451
26959 34467
26960 34473
26961 34474
26962 34443
26963 34444
26964 34486
26965 34479
26966 34500
26967 34502
26968 34480
26969 34505
26970 34851
26971 34475
26972 34516
26973 34526
26974 34537
26975 34540
26976 34527
26977 34523
26978 34543
26979 34578
26980 34566
26981 34568
26982 34560
26983 34563
26984 34555
26985 34577
26986 34569
26987 34573
26988 34553
26989 34570
26990 34612
26991 34623
26992 34615
26993 34619
26994 34597
26995 34601
26996 34586
26997 34656
26998 34655
26999 34680
27000 34636
27001 34638
27002 34676
27003 34647
27004 34664
27005 34670
27006 34649
27169 34643
27170 34659
27171 34666
27172 34821
27173 34722
27174 34719
27175 34690
27176 34735
27177 34763
27178 34749
27179 34752
27180 34768
27181 38614
27182 34731
27183 34756
27184 34739
27185 34759
27186 34758
27187 34747
27188 34799
27189 34802
27190 34784
27191 34831
27192 34829
27193 34814
27194 34806
27195 34807
27196 34830
27197 34770
27198 34833
27199 34838
27200 34837
27201 34850
27202 34849
27203 34865
27204 34870
27205 34873
27206 34855
27207 34875
27208 34884
27209 34882
27210 34898
27211 34905
27212 34910
27213 34914
27214 34923
27215 34945
27216 34942
27217 34974
27218 34933
27219 34941
27220 34997
27221 34930
27222 34946
27223 34967
27224 34962
27225 34990
27226 34969
27227 34978
27228 34957
27229 34980
27230 34992
27231 35007
27232 34993
27233 35011
27234 35012
27235 35028
27236 35032
27237 35033
27238 35037
27239 35065
27240 35074
27241 35068
27242 35060
27243 35048
27244 35058
27245 35076
27246 35084
27247 35082
27248 35091
27249 35139
27250 35102
27251 35109
27252 35114
27253 35115
27254 35137
27255 35140
27256 35131
27257 35126
27258 35128
27259 35148
27260 35101
27261 35168
27262 35166
27425 35174
27426 35172
27427 35181
27428 35178
27429 35183
27430 35188
27431 35191
27432 35198
27433 35203
27434 35208
27435 35210
27436 35219
27437 35224
27438 35233
27439 35241
27440 35238
27441 35244
27442 35247
27443 35250
27444 35258
27445 35261
27446 35263
27447 35264
27448 35290
27449 35292
27450 35293
27451 35303
27452 35316
27453 35320
27454 35331
27455 35350
27456 35344
27457 35340
27458 35355
27459 35357
27460 35365
27461 35382
27462 35393
27463 35419
27464 35410
27465 35398
27466 35400
27467 35452
27468 35437
27469 35436
27470 35426
27471 35461
27472 35458
27473 35460
27474 35496
27475 35489
27476 35473
27477 35493
27478 35494
27479 35482
27480 35491
27481 35524
27482 35533
27483 35522
27484 35546
27485 35563
27486 35571
27487 35559
27488 35556
27489 35569
27490 35604
27491 35552
27492 35554
27493 35575
27494 35550
27495 35547
27496 35596
27497 35591
27498 35610
27499 35553
27500 35606
27501 35600
27502 35607
27503 35616
27504 35635
27505 38827
27506 35622
27507 35627
27508 35646
27509 35624
27510 35649
27511 35660
27512 35663
27513 35662
27514 35657
27515 35670
27516 35675
27517 35674
27518 35691
27681 35679
27682 35692
27683 35695
27684 35700
27685 35709
27686 35712
27687 35724
27688 35726
27689 35730
27690 35731
27691 35734
27692 35737
27693 35738
27694 35898
27695 35905
27696 35903
27697 35912
27698 35916
27699 35918
27700 35920
27701 35925
27702 35938
27703 35948
27704 35960
27705 35962
27706 35970
27707 35977
27708 35973
27709 35978
27710 35981
27711 35982
27712 35988
27713 35964
27714 35992
27715 25117
27716 36013
27717 36010
27718 36029
27719 36018
27720 36019
27721 36014
27722 36022
27723 36040
27724 36033
27725 36068
27726 36067
27727 36058
27728 36093
27729 36090
27730 36091
27731 36100
27732 36101
27733 36106
27734 36103
27735 36111
27736 36109
27737 36112
27738 40782
27739 36115
27740 36045
27741 36116
27742 36118
27743 36199
27744 36205
27745 36209
27746 36211
27747 36225
27748 36249
27749 36290
27750 36286
27751 36282
27752 36303
27753 36314
27754 36310
27755 36300
27756 36315
27757 36299
27758 36330
27759 36331
27760 36319
27761 36323
27762 36348
27763 36360
27764 36361
27765 36351
27766 36381
27767 36382
27768 36368
27769 36383
27770 36418
27771 36405
27772 36400
27773 36404
27774 36426
27937 36423
27938 36425
27939 36428
27940 36432
27941 36424
27942 36441
27943 36452
27944 36448
27945 36394
27946 36451
27947 36437
27948 36470
27949 36466
27950 36476
27951 36481
27952 36487
27953 36485
27954 36484
27955 36491
27956 36490
27957 36499
27958 36497
27959 36500
27960 36505
27961 36522
27962 36513
27963 36524
27964 36528
27965 36550
27966 36529
27967 36542
27968 36549
27969 36552
27970 36555
27971 36571
27972 36579
27973 36604
27974 36603
27975 36587
27976 36606
27977 36618
27978 36613
27979 36629
27980 36626
27981 36633
27982 36627
27983 36636
27984 36639
27985 36635
27986 36620
27987 36646
27988 36659
27989 36667
27990 36665
27991 36677
27992 36674
27993 36670
27994 36684
27995 36681
27996 36678
27997 36686
27998 36695
27999 36700
28000 36706
28001 36707
28002 36708
28003 36764
28004 36767
28005 36771
28006 36781
28007 36783
28008 36791
28009 36826
28010 36837
28011 36834
28012 36842
28013 36847
28014 36999
28015 36852
28016 36869
28017 36857
28018 36858
28019 36881
28020 36885
28021 36897
28022 36877
28023 36894
28024 36886
28025 36875
28026 36903
28027 36918
28028 36917
28029 36921
28030 36856
28193 36943
28194 36944
28195 36945
28196 36946
28197 36878
28198 36937
28199 36926
28200 36950
28201 36952
28202 36958
28203 36968
28204 36975
28205 36982
28206 38568
28207 36978
28208 36994
28209 36989
28210 36993
28211 36992
28212 37002
28213 37001
28214 37007
28215 37032
28216 37039
28217 37041
28218 37045
28219 37090
28220 37092
28221 25160
28222 37083
28223 37122
28224 37138
28225 37145
28226 37170
28227 37168
28228 37194
28229 37206
28230 37208
28231 37219
28232 37221
28233 37225
28234 37235
28235 37234
28236 37259
28237 37257
28238 37250
28239 37282
28240 37291
28241 37295
28242 37290
28243 37301
28244 37300
28245 37306
28246 37312
28247 37313
28248 37321
28249 37323
28250 37328
28251 37334
28252 37343
28253 37345
28254 37339
28255 37372
28256 37365
28257 37366
28258 37406
28259 37375
28260 37396
28261 37420
28262 37397
28263 37393
28264 37470
28265 37463
28266 37445
28267 37449
28268 37476
28269 37448
28270 37525
28271 37439
28272 37451
28273 37456
28274 37532
28275 37526
28276 37523
28277 37531
28278 37466
28279 37583
28280 37561
28281 37559
28282 37609
28283 37647
28284 37626
28285 37700
28286 37678
28449 37657
28450 37666
28451 37658
28452 37667
28453 37690
28454 37685
28455 37691
28456 37724
28457 37728
28458 37756
28459 37742
28460 37718
28461 37808
28462 37804
28463 37805
28464 37780
28465 37817
28466 37846
28467 37847
28468 37864
28469 37861
28470 37848
28471 37827
28472 37853
28473 37840
28474 37832
28475 37860
28476 37914
28477 37908
28478 37907
28479 37891
28480 37895
28481 37904
28482 37942
28483 37931
28484 37941
28485 37921
28486 37946
28487 37953
28488 37970
28489 37956
28490 37979
28491 37984
28492 37986
28493 37982
28494 37994
28495 37417
28496 38000
28497 38005
28498 38007
28499 38013
28500 37978
28501 38012
28502 38014
28503 38017
28504 38015
28505 38274
28506 38279
28507 38282
28508 38292
28509 38294
28510 38296
28511 38297
28512 38304
28513 38312
28514 38311
28515 38317
28516 38332
28517 38331
28518 38329
28519 38334
28520 38346
28521 28662
28522 38339
28523 38349
28524 38348
28525 38357
28526 38356
28527 38358
28528 38364
28529 38369
28530 38373
28531 38370
28532 38433
28533 38440
28534 38446
28535 38447
28536 38466
28537 38476
28538 38479
28539 38475
28540 38519
28541 38492
28542 38494
28705 38493
28706 38495
28707 38502
28708 38514
28709 38508
28710 38541
28711 38552
28712 38549
28713 38551
28714 38570
28715 38567
28716 38577
28717 38578
28718 38576
28719 38580
28720 38582
28721 38584
28722 38585
28723 38606
28724 38603
28725 38601
28726 38605
28727 35149
28728 38620
28729 38669
28730 38613
28731 38649
28732 38660
28733 38662
28734 38664
28735 38675
28736 38670
28737 38673
28738 38671
28739 38678
28740 38681
28741 38692
28742 38698
28743 38704
28744 38713
28745 38717
28746 38718
28747 38724
28748 38726
28749 38728
28750 38722
28751 38729
28752 38748
28753 38752
28754 38756
28755 38758
28756 38760
28757 21202
28758 38763
28759 38769
28760 38777
28761 38789
28762 38780
28763 38785
28764 38778
28765 38790
28766 38795
28767 38799
28768 38800
28769 38812
28770 38824
28771 38822
28772 38819
28773 38835
28774 38836
28775 38851
28776 38854
28777 38856
28778 38859
28779 38876
28780 38893
28781 40783
28782 38898
28783 31455
28784 38902
28785 38901
28786 38927
28787 38924
28788 38968
28789 38948
28790 38945
28791 38967
28792 38973
28793 38982
28794 38991
28795 38987
28796 39019
28797 39023
28798 39024
28961 39025
28962 39028
28963 39027
28964 39082
28965 39087
28966 39089
28967 39094
28968 39108
28969 39107
28970 39110
28971 39145
28972 39147
28973 39171
28974 39177
28975 39186
28976 39188
28977 39192
28978 39201
28979 39197
28980 39198
28981 39204
28982 39200
28983 39212
28984 39214
28985 39229
28986 39230
28987 39234
28988 39241
28989 39237
28990 39248
28991 39243
28992 39249
28993 39250
28994 39244
28995 39253
28996 39319
28997 39320
28998 39333
28999 39341
29000 39342
29001 39356
29002 39391
29003 39387
29004 39389
29005 39384
29006 39377
29007 39405
29008 39406
29009 39409
29010 39410
29011 39419
29012 39416
29013 39425
29014 39439
29015 39429
29016 39394
29017 39449
29018 39467
29019 39479
29020 39493
29021 39490
29022 39488
29023 39491
29024 39486
29025 39509
29026 39501
29027 39515
29028 39511
29029 39519
29030 39522
29031 39525
29032 39524
29033 39529
29034 39531
29035 39530
29036 39597
29037 39600
29038 39612
29039 39616
29040 39631
29041 39633
29042 39635
29043 39636
29044 39646
29045 39647
29046 39650
29047 39651
29048 39654
29049 39663
29050 39659
29051 39662
29052 39668
29053 39665
29054 39671
29217 39675
29218 39686
29219 39704
29220 39706
29221 39711
29222 39714
29223 39715
29224 39717
29225 39719
29226 39720
29227 39721
29228 39722
29229 39726
29230 39727
29231 39730
29232 39748
29233 39747
29234 39759
29235 39757
29236 39758
29237 39761
29238 39768
29239 39796
29240 39827
29241 39811
29242 39825
29243 39830
29244 39831
29245 39839
29246 39840
29247 39848
29248 39860
29249 39872
29250 39882
29251 39865
29252 39878
29253 39887
29254 39889
29255 39890
29256 39907
29257 39906
29258 39908
29259 39892
29260 39905
29261 39994
29262 39922
29263 39921
29264 39920
29265 39957
29266 39956
29267 39945
29268 39955
29269 39948
29270 39942
29271 39944
29272 39954
29273 39946
29274 39940
29275 39982
29276 39963
29277 39973
29278 39972
29279 39969
29280 39984
29281 40007
29282 39986
29283 40006
29284 39998
29285 40026
29286 40032
29287 40039
29288 40054
29289 40056
29290 40167
29291 40172
29292 40176
29293 40201
29294 40200
29295 40171
29296 40195
29297 40198
29298 40234
29299 40230
29300 40367
29301 40227
29302 40223
29303 40260
29304 40213
29305 40210
29306 40257
29307 40255
29308 40254
29309 40262
29310 40264
29473 40285
29474 40286
29475 40292
29476 40273
29477 40272
29478 40281
29479 40306
29480 40329
29481 40327
29482 40363
29483 40303
29484 40314
29485 40346
29486 40356
29487 40361
29488 40370
29489 40388
29490 40385
29491 40379
29492 40376
29493 40378
29494 40390
29495 40399
29496 40386
29497 40409
29498 40403
29499 40440
29500 40422
29501 40429
29502 40431
29503 40445
29504 40474
29505 40475
29506 40478
29507 40565
29508 40569
29509 40573
29510 40577
29511 40584
29512 40587
29513 40588
29514 40594
29515 40597
29516 40593
29517 40605
29518 40613
29519 40617
29520 40632
29521 40618
29522 40621
29523 38753
29524 40652
29525 40654
29526 40655
29527 40656
29528 40660
29529 40668
29530 40670
29531 40669
29532 40672
29533 40677
29534 40680
29535 40687
29536 40692
29537 40694
29538 40695
29539 40697
29540 40699
29541 40700
29542 40701
29543 40711
29544 40712
29545 30391
29546 40725
29547 40737
29548 40748
29549 40766
29550 40778
29551 40786
29552 40788
29553 40803
29554 40799
29555 40800
29556 40801
29557 40806
29558 40807
29559 40812
29560 40810
29561 40823
29562 40818
29563 40822
29564 40853
29565 40860
29566 40864
29729 22575
29730 27079
29731 36953
29732 29796
29733 20956
29734 29081
