# This file was auto-generated from "java-Cp838-1.3_P.ucm"
# by "codepage-parser.pwn", (c) MPL 1.1, Alex "Y_Less" Cole, 2022.
#
# Lines with a single number denote bytes that are followed by a second byte to
# create a DCBS pair.
#
# Lines with two numbers are byte sequence to unicode equivalent.

# DBCS Lead Bytes

# Single Byte Codes
1 1
2 2
3 3
4 156
5 9
6 134
7 127
8 151
9 141
10 142
11 11
12 12
13 13
14 14
15 15
16 16
17 17
18 18
19 19
20 157
21 10
22 8
23 135
24 24
25 25
26 146
27 143
28 28
29 29
30 30
31 31
32 128
33 129
34 130
35 131
36 132
38 23
39 27
40 136
41 137
42 138
43 139
44 140
45 5
46 6
47 7
48 144
49 145
50 22
51 147
52 148
53 149
54 150
55 4
56 152
57 153
58 154
59 155
60 20
61 21
62 158
64 32
65 160
66 3585
67 3586
68 3587
69 3588
70 3589
71 3590
72 3591
73 91
74 162
75 46
76 60
77 40
78 43
79 124
80 38
82 3592
83 3593
84 3594
85 3595
86 3596
87 3597
88 3598
89 93
90 33
91 36
92 42
93 41
94 59
95 172
96 45
97 47
98 3599
99 3600
100 3601
101 3602
102 3603
103 3604
104 3605
105 94
106 166
107 44
108 37
109 95
110 62
111 63
112 3647
113 3662
114 3606
115 3607
116 3608
117 3609
118 3610
119 3611
120 3612
121 96
122 58
123 35
124 64
125 39
126 61
127 34
128 3663
129 97
130 98
131 99
132 100
133 101
134 102
135 103
136 104
137 105
138 3613
139 3614
140 3615
141 3616
142 3617
143 3618
144 3674
145 106
146 107
147 108
148 109
149 110
150 111
151 112
152 113
153 114
154 3619
155 3620
156 3621
157 3622
158 3623
159 3624
160 3675
161 126
162 115
163 116
164 117
165 118
166 119
167 120
168 121
169 122
170 3625
171 3626
172 3627
173 3628
174 3629
175 3630
176 3664
177 3665
178 3666
179 3667
180 3668
181 3669
182 3670
183 3671
184 3672
185 3673
186 3631
187 3632
188 3633
189 3634
190 3635
191 3636
192 123
193 65
194 66
195 67
196 68
197 69
198 70
199 71
200 72
201 73
203 3637
204 3638
205 3639
206 3640
207 3641
208 125
209 74
210 75
211 76
212 77
213 78
214 79
215 80
216 81
217 82
218 3642
219 3648
220 3649
221 3650
222 3651
223 3652
224 92
226 83
227 84
228 85
229 86
230 87
231 88
232 89
233 90
234 3653
235 3654
236 3655
237 3656
238 3657
239 3658
240 48
241 49
242 50
243 51
244 52
245 53
246 54
247 55
248 56
249 57
250 3659
251 3660
252 3661
255 159

# Double Byte Codes
