# This file was auto-generated from "java-Cp868-1.3_P.ucm"
# by "codepage-parser.pwn", (c) MPL 1.1, Alex "Y_Less" Cole, 2022.
#
# Lines with a single number denote bytes that are followed by a second byte to
# create a DCBS pair.
#
# Lines with two numbers are byte sequence to unicode equivalent.

# DBCS Lead Bytes

# Single Byte Codes
1 1
2 2
3 3
4 4
5 5
6 6
7 7
8 8
9 9
10 10
11 11
12 12
13 13
14 14
15 15
16 16
17 17
18 18
19 19
20 20
21 21
22 22
23 23
24 24
25 25
26 26
27 27
28 28
29 29
30 30
31 31
32 32
33 33
34 34
35 35
36 36
37 37
38 38
39 39
40 40
41 41
42 42
43 43
44 44
45 45
46 46
47 47
48 48
49 49
50 50
51 51
52 52
53 53
54 54
55 55
56 56
57 57
58 58
59 59
60 60
61 61
62 62
63 63
64 64
65 65
66 66
67 67
68 68
69 69
70 70
71 71
72 72
73 73
74 74
75 75
76 76
77 77
78 78
79 79
80 80
81 81
82 82
83 83
84 84
85 85
86 86
87 87
88 88
89 89
90 90
91 91
92 92
93 93
94 94
95 95
96 96
97 97
98 98
99 99
100 100
101 101
102 102
103 103
104 104
105 105
106 106
107 107
108 108
109 109
110 110
111 111
112 112
113 113
114 114
115 115
116 116
117 117
118 118
119 119
120 120
121 121
122 122
123 123
124 124
125 125
126 126
127 127
128 1776
129 1777
130 1778
131 1779
132 1780
133 1781
134 1782
135 1783
136 1784
137 1785
138 1548
139 1563
140 1567
141 65153
142 65165
143 65166
144 63739
145 65167
146 65169
147 64342
148 64344
149 65171
150 65173
151 65175
152 64358
153 64360
154 65177
155 65179
156 65181
157 65183
158 64378
159 64380
160 65185
161 65187
162 65189
163 65191
164 65193
165 64392
166 65195
167 65197
168 64396
169 65199
170 64394
171 65201
172 65203
173 65205
174 171
175 187
176 9617
177 9618
178 9619
179 9474
180 9508
181 65207
182 65209
183 65211
184 65213
185 9571
186 9553
187 9559
188 9565
189 65215
190 65219
191 9488
192 9492
193 9524
194 9516
195 9500
196 9472
197 9532
198 65223
199 65225
200 9562
201 9556
202 9577
203 9574
204 9568
205 9552
206 9580
207 65226
208 65227
209 65228
210 65229
211 65230
212 65231
213 65232
214 65233
215 65235
216 65237
217 9496
218 9484
219 9608
220 9604
221 65239
222 64398
223 9600
224 65243
225 64402
226 64404
227 65245
228 65247
229 65248
230 65249
231 65251
232 64414
233 65253
234 65255
235 65157
236 65261
237 64422
238 64424
239 64425
240 173
241 64426
242 65152
243 65161
244 65162
245 65163
246 64508
247 64509
248 64510
249 64432
250 64430
251 65148
252 65149
254 9632
255 160

# Double Byte Codes
