# This file was auto-generated from "java-Cp918-1.3_P.ucm"
# by "codepage-parser.pwn", (c) MPL 1.1, Alex "Y_Less" Cole, 2022.
#
# Lines with a single number denote bytes that are followed by a second byte to
# create a DCBS pair.
#
# Lines with two numbers are byte sequence to unicode equivalent.

# DBCS Lead Bytes

# Single Byte Codes
1 1
2 2
3 3
4 156
5 9
6 134
7 127
8 151
9 141
10 142
11 11
12 12
13 13
14 14
15 15
16 16
17 17
18 18
19 19
20 157
21 10
22 8
23 135
24 24
25 25
26 146
27 143
28 28
29 29
30 30
31 31
32 128
33 129
34 130
35 131
36 132
38 23
39 27
40 136
41 137
42 138
43 139
44 140
45 5
46 6
47 7
48 144
49 145
50 22
51 147
52 148
53 149
54 150
55 4
56 152
57 153
58 154
59 155
60 20
61 21
62 158
64 32
65 160
66 1548
67 1563
68 1567
69 65153
70 65165
71 65166
72 63739
73 65167
74 91
75 46
76 60
77 40
78 43
79 33
80 38
81 65169
82 64342
83 64344
84 65171
85 65173
86 65175
87 64358
88 64360
89 65177
90 93
91 36
92 42
93 41
94 59
95 94
96 45
97 47
98 65179
99 65181
100 65183
101 64378
102 64380
103 65185
104 65187
105 65189
106 96
107 44
108 37
109 95
110 62
111 63
112 1776
113 1777
114 1778
115 1779
116 1780
117 1781
118 1782
119 1783
120 1784
121 1785
122 58
123 35
124 64
125 39
126 61
127 34
128 65191
129 97
130 98
131 99
132 100
133 101
134 102
135 103
136 104
137 105
138 65193
139 64392
140 65195
141 65197
142 64396
143 65199
144 64394
145 106
146 107
147 108
148 109
149 110
150 111
151 112
152 113
153 114
154 65201
155 65203
156 65205
157 65207
158 65209
159 65211
160 65213
161 126
162 115
163 116
164 117
165 118
166 119
167 120
168 121
169 122
170 65215
171 65219
172 65223
173 65225
174 65226
175 65227
176 65228
177 65229
178 65230
179 65231
180 65232
181 65233
182 65235
183 65237
184 65239
185 64398
186 65243
187 124
188 64402
189 64404
190 65245
191 65247
192 123
193 65
194 66
195 67
196 68
197 69
198 70
199 71
200 72
201 73
202 173
203 65248
204 65249
205 65251
206 64414
207 65253
208 125
209 74
210 75
211 76
212 77
213 78
214 79
215 80
216 81
217 82
218 65255
219 65157
220 65261
221 64422
222 64424
223 64425
224 92
225 64426
226 83
227 84
228 85
229 86
230 87
231 88
232 89
233 90
234 65152
235 65161
236 65162
237 65163
238 64508
239 64509
240 48
241 49
242 50
243 51
244 52
245 53
246 54
247 55
248 56
249 57
250 64510
251 64432
252 64430
253 65148
254 65149
255 159

# Double Byte Codes
