# This file was auto-generated from "java-Cp921-1.3_P.ucm"
# by "codepage-parser.pwn", (c) MPL 1.1, Alex "Y_Less" Cole, 2022.
#
# Lines with a single number denote bytes that are followed by a second byte to
# create a DCBS pair.
#
# Lines with two numbers are byte sequence to unicode equivalent.

# DBCS Lead Bytes

# Single Byte Codes
1 1
2 2
3 3
4 4
5 5
6 6
7 7
8 8
9 9
10 10
11 11
12 12
13 13
14 14
15 15
16 16
17 17
18 18
19 19
20 20
21 21
22 22
23 23
24 24
25 25
26 26
27 27
28 28
29 29
30 30
31 31
32 32
33 33
34 34
35 35
36 36
37 37
38 38
39 39
40 40
41 41
42 42
43 43
44 44
45 45
46 46
47 47
48 48
49 49
50 50
51 51
52 52
53 53
54 54
55 55
56 56
57 57
58 58
59 59
60 60
61 61
62 62
63 63
64 64
65 65
66 66
67 67
68 68
69 69
70 70
71 71
72 72
73 73
74 74
75 75
76 76
77 77
78 78
79 79
80 80
81 81
82 82
83 83
84 84
85 85
86 86
87 87
88 88
89 89
90 90
91 91
92 92
93 93
94 94
95 95
96 96
97 97
98 98
99 99
100 100
101 101
102 102
103 103
104 104
105 105
106 106
107 107
108 108
109 109
110 110
111 111
112 112
113 113
114 114
115 115
116 116
117 117
118 118
119 119
120 120
121 121
122 122
123 123
124 124
125 125
126 126
127 127
128 128
129 129
130 130
131 131
132 132
133 133
134 134
135 135
136 136
137 137
138 138
139 139
140 140
141 141
142 142
143 143
144 144
145 145
146 146
147 147
148 148
149 149
150 150
151 151
152 152
153 153
154 154
155 155
156 156
157 157
158 158
159 159
160 160
161 8221
162 162
163 163
164 164
165 8222
166 166
167 167
168 216
169 169
170 342
171 171
172 172
173 173
174 174
175 198
176 176
177 177
178 178
179 179
180 8220
181 181
182 182
183 183
184 248
185 185
186 343
187 187
188 188
189 189
190 190
191 230
192 260
193 302
194 256
195 262
196 196
197 197
198 280
199 274
200 268
201 201
202 377
203 278
204 290
205 310
206 298
207 315
208 352
209 323
210 325
211 211
212 332
213 213
214 214
215 215
216 370
217 321
218 346
219 362
220 220
221 379
222 381
223 223
224 261
225 303
226 257
227 263
228 228
229 229
230 281
231 275
232 269
233 233
234 378
235 279
236 291
237 311
238 299
239 316
240 353
241 324
242 326
243 243
244 333
245 245
246 246
247 247
248 371
249 322
250 347
251 363
252 252
253 380
254 382
255 8217

# Double Byte Codes
