# This file was auto-generated from "macos-34-10.2.ucm"
# by "codepage-parser.pwn", (c) MPL 1.1, Alex "Y_Less" Cole, 2022.
#
# Lines with a single number denote bytes that are followed by a second byte to
# create a DCBS pair.
#
# Lines with two numbers are byte sequence to unicode equivalent.

# DBCS Lead Bytes

# Single Byte Codes
1 1
2 2
3 3
4 4
5 5
6 6
7 7
8 8
9 9
10 10
11 11
12 12
13 13
14 14
15 15
16 16
17 17
18 18
19 19
20 20
21 21
22 22
23 23
24 24
25 25
26 26
27 27
28 28
29 29
30 30
31 31
32 32
33 9985
34 9986
35 9987
36 9988
37 9742
38 9990
39 9991
40 9992
41 9993
42 9755
43 9758
44 9996
45 9997
46 9998
47 9999
48 10000
49 10001
50 10002
51 10003
52 10004
53 10005
54 10006
55 10007
56 10008
57 10009
58 10010
59 10011
60 10012
61 10013
62 10014
63 10015
64 10016
65 10017
66 10018
67 10019
68 10020
69 10021
70 10022
71 10023
72 9733
73 10025
74 10026
75 10027
76 10028
77 10029
78 10030
79 10031
80 10032
81 10033
82 10034
83 10035
84 10036
85 10037
86 10038
87 10039
88 10040
89 10041
90 10042
91 10043
92 10044
93 10045
94 10046
95 10047
96 10048
97 10049
98 10050
99 10051
100 10052
101 10053
102 10054
103 10055
104 10056
105 10057
106 10058
107 10059
108 9679
109 10061
110 9632
111 10063
112 10064
113 10065
114 10066
115 9650
116 9660
117 9670
118 10070
119 9687
120 10072
121 10073
122 10074
123 10075
124 10076
125 10077
126 10078
127 127
128 10088
129 10089
130 10090
131 10091
132 10092
133 10093
134 10094
135 10095
136 10096
137 10097
138 10098
139 10099
140 10100
141 10101
161 10081
162 10082
163 10083
164 10084
165 10085
166 10086
167 10087
168 9827
169 9830
170 9829
171 9824
172 9312
173 9313
174 9314
175 9315
176 9316
177 9317
178 9318
179 9319
180 9320
181 9321
182 10102
183 10103
184 10104
185 10105
186 10106
187 10107
188 10108
189 10109
190 10110
191 10111
192 10112
193 10113
194 10114
195 10115
196 10116
197 10117
198 10118
199 10119
200 10120
201 10121
202 10122
203 10123
204 10124
205 10125
206 10126
207 10127
208 10128
209 10129
210 10130
211 10131
212 10132
213 8594
214 8596
215 8597
216 10136
217 10137
218 10138
219 10139
220 10140
221 10141
222 10142
223 10143
224 10144
225 10145
226 10146
227 10147
228 10148
229 10149
230 10150
231 10151
232 10152
233 10153
234 10154
235 10155
236 10156
237 10157
238 10158
239 10159
241 10161
242 10162
243 10163
244 10164
245 10165
246 10166
247 10167
248 10168
249 10169
250 10170
251 10171
252 10172
253 10173
254 10174

# Double Byte Codes
