# This file was auto-generated from "windows-775-2000.ucm"
# by "codepage-parser.pwn", (c) MPL 1.1, Alex "Y_Less" Cole, 2022.
#
# Lines with a single number denote bytes that are followed by a second byte to
# create a DCBS pair.
#
# Lines with two numbers are byte sequence to unicode equivalent.

# DBCS Lead Bytes

# Single Byte Codes
1 1
2 2
3 3
4 4
5 5
6 6
7 7
8 8
9 9
10 10
11 11
12 12
13 13
14 14
15 15
16 16
17 17
18 18
19 19
20 20
21 21
22 22
23 23
24 24
25 25
26 26
27 27
28 28
29 29
30 30
31 31
32 32
33 33
34 34
35 35
36 36
37 37
38 38
39 39
40 40
41 41
42 42
43 43
44 44
45 45
46 46
47 47
48 48
49 49
50 50
51 51
52 52
53 53
54 54
55 55
56 56
57 57
58 58
59 59
60 60
61 61
62 62
63 63
64 64
65 65
66 66
67 67
68 68
69 69
70 70
71 71
72 72
73 73
74 74
75 75
76 76
77 77
78 78
79 79
80 80
81 81
82 82
83 83
84 84
85 85
86 86
87 87
88 88
89 89
90 90
91 91
92 92
93 93
94 94
95 95
96 96
97 97
98 98
99 99
100 100
101 101
102 102
103 103
104 104
105 105
106 106
107 107
108 108
109 109
110 110
111 111
112 112
113 113
114 114
115 115
116 116
117 117
118 118
119 119
120 120
121 121
122 122
123 123
124 124
125 125
126 126
127 127
128 262
129 252
130 233
131 257
132 228
133 291
134 229
135 263
136 322
137 275
138 342
139 343
140 299
141 377
142 196
143 197
144 201
145 230
146 198
147 333
148 246
149 290
150 162
151 346
152 347
153 214
154 220
155 248
156 163
157 216
158 215
159 164
160 256
161 298
162 243
163 379
164 380
165 378
166 8221
167 166
168 169
169 174
170 172
171 189
172 188
173 321
174 171
175 187
176 9617
177 9618
178 9619
179 9474
180 9508
181 260
182 268
183 280
184 278
185 9571
186 9553
187 9559
188 9565
189 302
190 352
191 9488
192 9492
193 9524
194 9516
195 9500
196 9472
197 9532
198 370
199 362
200 9562
201 9556
202 9577
203 9574
204 9568
205 9552
206 9580
207 381
208 261
209 269
210 281
211 279
212 303
213 353
214 371
215 363
216 382
217 9496
218 9484
219 9608
220 9604
221 9612
222 9616
223 9600
224 211
225 223
226 332
227 323
228 245
229 213
230 181
231 324
232 310
233 311
234 315
235 316
236 326
237 274
238 325
239 8217
240 173
241 177
242 8220
243 190
244 182
245 167
246 247
247 8222
248 176
249 8729
250 183
251 185
252 179
253 178
254 9632
255 160

# Double Byte Codes
