# This file was auto-generated from "windows-21027-2000.ucm"
# by "codepage-parser.pwn", (c) MPL 1.1, Alex "Y_Less" Cole, 2022.
#
# Lines with a single number denote bytes that are followed by a second byte to
# create a DCBS pair.
#
# Lines with two numbers are byte sequence to unicode equivalent.

# DBCS Lead Bytes

# Single Byte Codes
1 1
2 2
3 3
4 4
5 5
6 6
7 7
8 8
9 9
10 10
11 11
12 12
13 13
14 14
15 15
16 16
17 17
18 18
19 19
20 20
21 21
22 22
23 23
24 24
25 25
26 26
27 27
28 28
29 29
30 30
31 31
32 63684
33 63685
34 63686
35 63687
36 63688
37 63689
38 63690
39 63691
40 63692
41 63693
42 63694
43 63695
44 63696
45 63697
46 63698
47 63699
48 63700
49 63701
50 63702
51 63703
52 63704
53 63705
54 63706
55 63707
56 63708
57 63709
58 63710
59 63711
60 63712
61 63713
63 63714
64 32
66 65377
67 65378
68 65379
69 65380
70 65381
71 65382
72 65383
73 65384
74 162
75 46
76 60
77 40
78 43
79 124
80 38
81 65385
82 65386
83 65387
84 65388
85 65389
86 65390
87 65391
88 65392
89 65393
90 33
91 36
92 42
93 41
94 59
95 172
96 45
97 47
98 65394
99 65395
100 65396
101 65397
102 65398
103 65399
104 63715
105 65401
107 44
108 37
109 95
110 62
111 63
112 65402
113 65403
114 65404
115 65405
116 65406
117 65407
118 65408
119 65409
120 65410
121 96
122 58
123 35
124 64
125 39
126 63716
127 34
129 97
130 98
131 99
132 100
133 101
134 102
135 103
136 104
137 105
138 65411
139 65412
140 65413
141 65414
142 142
143 65416
145 106
146 107
147 108
148 109
149 110
150 111
151 112
152 113
153 114
154 65417
155 65418
156 65419
157 65420
158 65421
159 65422
160 175
161 126
162 115
163 116
164 117
165 118
166 119
167 120
168 121
169 122
170 65423
171 65424
172 65425
173 91
174 65426
175 65427
176 94
177 163
178 165
179 65428
180 65429
181 65430
182 65431
183 65432
184 65433
185 65434
186 65435
187 65436
188 65437
189 93
190 65438
191 65439
192 123
193 65
194 66
195 67
196 68
197 69
198 70
199 71
200 63717
201 63718
202 63719
203 63720
204 63721
205 63722
208 125
209 74
210 75
211 76
212 77
213 78
214 79
215 80
216 63723
217 63724
218 63725
219 63726
220 63727
221 63728
223 63729
224 92
226 83
227 84
228 85
229 86
230 87
231 88
232 63730
233 63731
234 63732
235 63733
236 63734
237 63735
240 48
241 49
242 50
243 51
244 52
245 53
246 54
247 55
248 63736
249 63737
250 63738
251 63739
252 63740
253 63741
254 63742
255 63743

# Double Byte Codes
