# This file was auto-generated from "windows-20290-2000.ucm"
# by "codepage-parser.pwn", (c) MPL 1.1, Alex "Y_Less" Cole, 2022.
#
# Lines with a single number denote bytes that are followed by a second byte to
# create a DCBS pair.
#
# Lines with two numbers are byte sequence to unicode equivalent.

# DBCS Lead Bytes

# Single Byte Codes
1 1
2 2
3 3
4 156
5 9
6 134
7 127
8 151
9 141
10 142
11 11
12 12
13 13
14 14
15 15
16 16
17 17
18 18
19 19
20 157
21 133
22 8
23 135
24 24
25 25
26 146
27 143
28 28
29 29
30 30
31 31
32 128
33 129
34 130
35 131
36 132
37 10
38 23
39 27
40 136
41 137
42 138
43 139
44 140
45 5
46 6
47 7
48 144
49 145
50 22
51 147
52 148
53 149
54 150
55 4
56 152
57 153
58 154
59 155
60 20
61 21
62 158
63 26
64 32
65 65377
66 65378
67 65379
68 65380
69 65381
70 65382
71 65383
72 65384
73 65385
74 163
75 46
76 60
77 40
78 43
79 124
80 38
81 65386
82 65387
83 65388
84 65389
85 65390
86 65391
88 65392
90 33
91 165
92 42
93 41
94 59
95 172
96 45
97 47
98 97
99 98
100 99
101 100
102 101
103 102
104 103
105 104
107 44
108 37
109 95
110 62
111 63
112 91
113 105
114 106
115 107
116 108
117 109
118 110
119 111
120 112
121 96
122 58
123 35
124 64
125 39
126 61
127 34
128 93
129 65393
130 65394
131 65395
132 65396
133 65397
134 65398
135 65399
136 65400
137 65401
138 65402
139 113
140 65403
141 65404
142 65405
143 65406
144 65407
145 65408
146 65409
147 65410
148 65411
149 65412
150 65413
151 65414
152 65415
153 65416
154 65417
155 114
157 65418
158 65419
159 65420
160 126
161 8254
162 65421
163 65422
164 65423
165 65424
166 65425
167 65426
168 65427
169 65428
170 65429
171 115
172 65430
173 65431
174 65432
175 65433
176 94
177 162
178 92
179 116
180 117
181 118
182 119
183 120
184 121
185 122
186 65434
187 65435
188 65436
189 65437
190 65438
191 65439
192 123
193 65
194 66
195 67
196 68
197 69
198 70
199 71
200 72
201 73
208 125
209 74
210 75
211 76
212 77
213 78
214 79
215 80
216 81
217 82
224 36
226 83
227 84
228 85
229 86
230 87
231 88
232 89
233 90
240 48
241 49
242 50
243 51
244 52
245 53
246 54
247 55
248 56
249 57
255 159

# Double Byte Codes
